# callgrind format
version: 1
creator: callgrind-3.17.0
pid: 1833
cmd:  ./hash
part: 1


desc: I1 cache: 
desc: D1 cache: 
desc: LL cache: 

desc: Timerange: Basic block 0 - 780872774
desc: Trigger: Program termination

positions: line
events: Ir
summary: 4963409033


ob=(4) /usr/libexec/valgrind/vgpreload_core-amd64-linux.so
fl=(135) ???
fn=(806) 0x0000000000001060
0 5

fn=(796) 0x00000000000010d0
0 9
cob=(2) ???
cfi=(46) ???
cfn=(802) 0x000000000483a030
calls=1 0 
0 74
0 1
cfn=(806)
calls=1 0 
0 5
0 3

fn=(452) 0x0000000000001110
0 12

ob=(1) /usr/lib/x86_64-linux-gnu/ld-linux-x86-64.so.2
fl=(125) ./elf/dl-call-libc-early-init.c
fn=(410) _dl_call_libc_early_init
27 1
+2 2
-2 1
+6 3
-6 1
+6 3
-6 1
+6 1
cfi=(124) ./elf/dl-lookup-direct.c
cfn=(406) _dl_lookup_direct
calls=1 +41 
* 165
+4 2
+2 4
+2 1
-1 1
+1 2
-1 1
cob=(3) /usr/lib/x86_64-linux-gnu/libc.so.6
cfi=(126) ./elf/libc_early_init.c
cfn=(412) __libc_early_init
calls=1 -7 
* 1091

fl=(28) ./elf/dl-load.c
fn=(102) _dl_init_paths
704 11
+14 1
-14 2
+14 2
cfi=(35) ./elf/dl-hwcaps.c
cfn=(104) _dl_important_hwcaps
calls=1 175 
* 1666
fi=(25) ./elf/../include/rtld-malloc.h
56 1
fe=(28)
718 1
fi=(25)
56 1
cfi=(6) ./elf/dl-minimal.c
cfn=(72) rtld_malloc
calls=1 +72 
* 25
fe=(28)
723 1
+2 2
+7 2
+1 2
-1 3
+5 3
fi=(25)
56 1
cfi=(6)
cfn=(72)
calls=1 +72 
* 25
fe=(28)
737 1
+2 4
+17 1
-10 1
+19 1
-11 1
-9 1
+9 1
+12 2
-10 1
+3 2
+9 1
-7 1
+4 1
+3 2
-3 1
-8 1
+3 1
+8 1
-3 1
+1 16
cfi=(41) ./string/../sysdeps/x86_64/multiarch/memset-vec-unaligned-erms.S
cfn=(128) memset
calls=4 105 
* 68
+2 18
-14 3
+10 3
+4 3
-12 3
-2 3
+2 3
+4 3
-3 3
+3 3
+1 3
-2 3
+5 6
+1 3
-4 3
+4 3
+15 1
+3 1
-15 1
+7 1
-1 1
+9 2
+2 4
+2 3
+36 5
+2 2
cfi=(20) ./string/../sysdeps/x86_64/multiarch/strlen-vec.S
cfn=(56) strlen
calls=1 41 
* 17
* 9
-19 1
-2 1
+2 2
+14 2
+5 9
cfi=(26) ./string/../sysdeps/x86_64/multiarch/memmove-vec-unaligned-erms.S
cfn=(76) memcpy
calls=1 193 
* 11
* 1
+5 4
-1 2
+2 1
+1 2
-2 4
+1 13
+1 26
-2 52
+5 1
fi=(25)
56 1
cfi=(6)
cfn=(72)
calls=1 +72 
* 25
fe=(28)
834 1
fi=(25)
56 1
fe=(28)
836 2
+6 6
cfn=(130) fillin_rpath.isra.0
calls=1 466 
* 582
+3 3
+6 1
+4 8
-30 2

fn=(164) _dl_map_object
2050 30
+8 6
+1 12
+3 42
+5 49
+2 21
cfi=(49) ./elf/dl-misc.c
cfn=(166) _dl_name_match_p
calls=7 340 
* 831
* 14
+4 12
+1 18
+3 2
+1 2
+1 2
-1 2
+1 2
cfi=(29) ./string/../sysdeps/x86_64/strcmp.S
cfn=(86) strcmp
calls=2 111 
* 70
* 4
2361 27
2097 2
-2 2
+2 4
-2 4
-43 2
+53 6
+36 4
-2 2
+2 2
cfi=(39) ./string/../sysdeps/x86_64/multiarch/../strchr.S
cfn=(114) index
calls=2 23 
* 48
* 4
2292 2
-1 3
cfn=(134) expand_dynamic_string_token
calls=1 383 
* 168
+2 1
-3 1
+1 1
+2 2
+4 4
cfn=(168) open_verify.constprop.1
calls=1 1584 
* 283
* 1
+3 2
+12 4
+46 1
+1 3
-1 1
+1 9
cfn=(176) _dl_map_object_from_fd
calls=1 942 
* 1826
-1 1
+1 3
-1 1
+1 9
cfn=(176)
calls=1 942 
* 2176
* 6
2145 2
cfi=(20)
cfn=(56)
calls=1 41 
* 17
* 2
+2 2
+7 4
+36 12
cfn=(204) open_path
calls=1 1898 
* 1625
+6 1
-6 1
+6 4
680 1
2197 1
680 2
2284 2
+28 4
+2 4
2158 5
+8 4
-3 3
680 1
2164 1
680 2
2205 1
+14 2
+2 3
+4 2
cfi=(62) ./elf/dl-cache.c
cfn=(210) _dl_load_cache_lookup
calls=1 416 
* 1511
* 1
+2 2
+4 2
+8 3
+23 6
cfn=(206) open_verify.constprop.0
calls=1 1584 
* 389
+4 2
-4 1
+4 1
+1 2
-89 4
+1 8
680 1
2180 1
680 2
2189 2
+1 2

fn=(176)
942 22
+10 2
-10 2
+10 2
-10 4
+10 2
cfi=(43) ./elf/dl-debug.c
cfn=(142) _dl_debug_initialize
calls=2 46 
* 18
* 2
+7 8
+81 8
+10 4
+7 8
+33 4
953 2
1093 14
cfi=(24) ./elf/dl-object.c
cfn=(66) _dl_new_object
calls=2 59 
* 777
* 2
+1 4
+11 2
+5 2
-5 2
+1 4
+1 2
+2 2
-2 2
+2 4
+1 6
+1 2
+19 2
-2 1
+2 9
-2 1
+2 19
+8 2
-8 8
+8 12
+84 2
-60 2
-30 2
-6 2
+96 2
+6 2
-66 2
+14 2
+9 2
+43 4
-97 4
+8 60
+17 2
+1 1
-19 69
+1 127
1240 4
1138 2
1240 4
1138 6
1245 6
1106 4
1258 4
+10 4
fi=(56) ./elf/./dl-map-segments.h
50 2
+6 2
fe=(28)
1268 2
fi=(56)
56 2
fe=(28)
1268 4
fi=(56)
56 4
fe=(28)
1268 2
fi=(56)
50 2
+6 2
fe=(28)
1268 2
fi=(56)
56 2
fe=(28)
1268 2
fi=(56)
56 2
cfi=(55) ./misc/../sysdeps/unix/sysv/linux/mmap64.c
cfn=(184) mmap
calls=2 -8 
* 40
+4 4
-4 2
+4 2
+3 4
+1 2
+2 2
-3 2
+1 2
+2 2
+7 10
cfi=(66) ./misc/../sysdeps/unix/syscall-template.S
cfn=(224) mprotect
calls=1 +44 
* 6
* 3
+7 2
+2 2
fi=(57) ./elf/./dl-load.h
+8 16
+1 6
+2 16
fi=(56)
+11 32
+8 2
-2 2
+1 2
+2 2
-1 2
+1 2
-1 2
+3 6
+5 4
+3 4
+8 14
cfi=(41)
cfn=(128)
calls=2 -26 
* 244
+1 6
+5 4
+12 8
-59 40
+2 12
+2 6
-2 12
+2 48
cfi=(55)
cfn=(184)
calls=6 -46 
* 108
* 18
fi=(52) ./elf/../sysdeps/posix/dl-fileid.h
-57 6
cfi=(53) ./io/../sysdeps/unix/sysv/linux/fstat64.c
cfn=(180) fstat
calls=2 -8 
* 30
* 4
fe=(28)
997 2
fi=(52)
40 4
+1 2
fe=(28)
997 2
fi=(52)
40 2
fe=(28)
997 25
+1 10
fi=(52)
49 12
fe=(28)
1531 18
1016 4
1139 26
+23 24
+5 56
+10 24
-1 8
+1 16
-1 8
+4 8
-3 16
-2 8
+2 24
-1 8
+1 16
+3 8
-2 8
+6 16
+1 30
+5 6
-1 6
+1 6
-1 6
+1 24
-15 6
+15 12
+10 6
-10 2
-1 2
+1 2
-1 2
+1 8
-15 2
+15 4
+10 2
-55 4
+5 4
+1 8
+52 3
+4 1
+1 2
-58 1
+62 5
+1 1
+3 1
-3 1
+8 4
+15 4
+1 2
1114 13
+1 2
-1 1
+1 1
-1 1
+1 1
cfi=(65) ./io/../sysdeps/unix/sysv/linux/pread64_nocancel.c
cfn=(220) __pread64_nocancel
calls=1 25 
* 7
* 2
1284 8
+9 6
fi=(3) ./elf/get-dynamic-info.h
40 4
+6 2
-2 2
+2 4
+9 2
+5 2
+3 2
-1 2
-3 2
-3 28
+13 8
-23 32
+23 33
-23 132
+4 82
+5 40
+2 10
+3 8
+3 8
+2 8
+11 4
+20 7
+1 8
+1 8
+1 8
+2 8
+5 7
+1 7
+1 8
+5 6
+5 2
+7 4
+1 6
+18 6
+5 2
+2 2
+2 2
+2 2
+3 6
+2 3
+1 2
+9 2
+5 2
+3 4
fe=(28)
1299 4
+1 4
+2 10
+10 6
+19 6
+2 10
+52 6
+1 2
+6 16
+1 42
+6 8
cfn=(84) _dl_process_pt_gnu_property
calls=2 866 
* 42
-7 54
+1 25
+6 25
-6 50
fi=(27) ./elf/../sysdeps/x86/dl-prop.h
95 16
204 2
104 4
+99 2
-99 2
+99 2
100 2
+1 2
+1 2
+2 6
+81 8
-1 2
-80 6
+3 6
+1 4
+1 4
+4 6
+4 6
+3 6
+1 4
+4 2
+1 6
+23 6
+10 3
-1 6
+1 2
+18 6
+2 8
-49 6
+1 3
+3 6
+3 3
+1 12
+5 12
+26 2
fe=(28)
1404 4
cfi=(58) ./io/../sysdeps/unix/sysv/linux/close_nocancel.c
cfn=(194) __GI___close_nocancel
calls=2 25 
* 12
* 4
+13 4
+2 8
+2 4
+16 4
cfi=(7) ./elf/dl-lookup.c
cfn=(12) _dl_setup_hash
calls=2 955 
* 48
+4 4
+1 4
+17 4
+4 2
+5 2
-5 2
+5 2
+10 4
+7 16
+10 4
+1 4
+5 2
cfi=(44) ./elf/../elf/dl-tls.c
cfn=(226) _dl_assign_tls_modid
calls=1 131 
* 10
+7 6
cfi=(24)
cfn=(78) _dl_add_to_namespace_list
calls=2 31 
* 92
+4 6
fi=(57)
94 4
+2 1
-1 2
+1 1
-1 1
+1 1
-1 1
+1 1
-1 2
+3 4
fe=(28)
1460 2
fi=(56)
141 8
cfi=(55)
cfn=(184)
calls=1 -93 
* 18
+3 2
fe=(28)
1114 2
fi=(27)
190 10
+2 2
+2 8
-2 6
fe=(28)
1392 6
-93 2
1486 6
+1 1
+1 1
-1 1
+1 1
-1 16
+2 2
fi=(27)
162 3
fe=(28)

fn=(84)
866 3
+8 3
-8 6
+8 3
-6 3
+12 6
-13 3
+13 3
-13 3
+13 6
+3 9
+1 6
+1 6
+43 3

fn=(134)
383 14
239 2
383 2
239 2
383 2
239 2
cfi=(39)
cfn=(114)
calls=2 23 
* 72
+3 4
408 2
-11 2
+11 12
-11 2
cfi=(42) ./string/strdup.c
cfn=(136) strdup
calls=2 40 
* 168

fn=(168)
1584 1
+70 1
-70 3
+70 1
-70 7
+70 1
cfi=(50) ./io/../sysdeps/unix/sysv/linux/open64_nocancel.c
cfn=(170) __open_nocancel
calls=1 34 
* 19
* 1
+2 2
+11 1
+6 2
-5 1
+5 8
cfi=(51) ./io/../sysdeps/unix/sysv/linux/read_nocancel.c
cfn=(172) __read_nocancel
calls=1 25 
* 6
+2 2
+2 2
+2 2
+6 2
+17 9
fi=(25)
50 2
cfi=(6)
cfn=(140) rtld_free
calls=1 188 
* 5
fe=(28)
1884 9
1702 7
+74 2
+5 2
+2 4
+6 2
+6 1
+1 1
-1 3
+1 1
-1 1
+1 2
+1 2
+20 4
1661 2
1817 66
+1 28
+1 8
+4 8
+17 4
+8 12
+3 18
+3 2
-4 2
+4 4
+6 4
-36 6

fn=(130)
466 7
+4 1
-4 8
+6 3
cfi=(6)
cfn=(132) strsep
calls=1 345 
* 240
* 3
cfi=(6)
cfn=(132)
calls=1 345 
* 8
* 6
+7 2
+2 3
cfn=(134)
calls=1 -98 
* 118
* 1
+4 2
+5 2
cfi=(20)
cfn=(56)
calls=1 41 
* 17
* 1
+1 2
+7 5
+9 15
+1 8
+55 2
fi=(25)
50 2
cfi=(6)
cfn=(140)
calls=1 188 
* 5
+1 1
fe=(28)
526 2
+4 3
fi=(25)
56 1
cfi=(6)
cfn=(72)
calls=1 +72 
* 25
* 1
fe=(28)
532 2
+5 1
+1 2
-1 1
-1 1
+2 1
cfi=(26)
cfn=(124) mempcpy
calls=1 180 
* 13
+3 1
-3 1
+1 1
+2 1
+6 1
+1 1
-1 3
+1 11
+1 1
-1 1
+1 2
-1 2
+1 1
-1 1
+1 2
-1 6
+1 1
-1 1
+1 1
-1 2
+3 1
+1 1
-1 1
+1 2
+7 2
+1 2
-57 4
+66 1
+3 8
-46 2
+31 2

fn=(204)
1898 8
+1 1
-1 5
+1 1
+6 2
+5 16
-7 1
1561 2
1910 1
-8 1
+8 2
+3 2
+9 6
+7 3
+1 1
-1 1
cfi=(26)
cfn=(124)
calls=1 180 
* 13
-12 1
+12 1
+59 2
-22 7
-36 102
+3 27
+5 72
cfi=(26)
cfn=(124)
calls=9 180 
* 122
* 36
cfi=(26)
cfn=(124)
calls=9 180 
* 117
+3 18
+6 27
+3 54
cfn=(206)
calls=9 1584 
* 477
* 9
+2 27
+2 18
+65 8
+7 2
-2 2
+2 2
+3 3
-13 1
+27 9
-84 72
+1 63
+6 18
+2 9
-2 18
+2 18
cfi=(61) ./io/../sysdeps/unix/sysv/linux/stat64.c
cfn=(208) stat
calls=9 28 
* 142
* 9
+3 9
-3 18
+1 1
+2 1
-2 1
+2 34
-61 2

fn=(200) _dl_dst_count
236 4
+3 2
-3 4
+7 2
-7 4
+3 2
cfi=(39)
cfn=(114)
calls=2 23 
* 72
+3 4
+20 14

fn=(206)
1584 110
+39 30
+31 40
cfi=(50)
cfn=(170)
calls=10 34 
* 217
* 10
+2 20
+11 1
+6 2
-5 1
+5 8
cfi=(51)
cfn=(172)
calls=1 25 
* 6
+2 2
+2 2
+2 2
+6 2
+17 9
-66 9
1884 90
1702 7
+74 2
+5 2
+2 4
+6 2
+6 1
+1 1
-1 3
+1 1
-1 1
+1 2
+21 4
1661 2
1817 48
+1 24
+1 8
+4 8
+6 4
+1 30
+10 12
cfi=(65)
cfn=(220)
calls=2 25 
* 14
* 14
+8 18
+15 2
+6 3
-3 1
+1 1
+3 1
-3 2
+1 1
-1 1
-1 1
+4 2
1702 3
fi=(25)
50 2
cfi=(6)
cfn=(140)
calls=1 188 
* 5
+1 1
fe=(28)
1851 18
+3 2
-4 2
+4 4
+5 1
+1 4
-60 14
+1 3
-1 1
+1 3
cfi=(65)
cfn=(220)
calls=1 25 
* 7
* 3
+16 5

fl=(29)
fn=(86)
111 182
+33 182
+1 182
+2 182
+1 182
+21 182
+1 182
+1 166
+1 166
+1 142
+1 142
+1 142
+1 142
+21 142
+1 142
+1 142
+1 142
+1 142
+1 142
+1 142
+5 7
+1 21
+9 7
+1 7
+1 7
+1 7
+1 7
+1 7
+1 7
+1 7
-7 40
+1 40
+1 40
+1 40
+1 40
+1 40
+1 40
+1 40
+1 46
+1 16
+1 16
+1 16
+2 16
+1 16
+1 16
+1 16
+1 16
+1 16
-5 30
+1 30
+1 30
+1 30
+1 30
+1 30
+10 1
+1 1
+1 1
+2 1
+6 1
+1 1
+1 1
+1 1
+1 1
+5 1
447 5
+1 5
+1 5
+1 5
+1 5
+2 5
+1 5
+1 5
+1 5
+1 5
+1 5
+1 5
+1 5
+3 5
+1 5
+1 5
+6 5
+1 5
+1 10
+4 5
+1 5
+3 5
+1 5
+1 5
+3 5
+1 5
+1 5
+6 5
+1 5
+1 5
+1 5
+1 5
+1 5
+72 2
+1 2
+1 2
+1 2
+1 2
+2 2
+1 2
+1 2
+1 2
+1 2
+1 2
+1 2
+1 2
+4 2
+1 2
+1 2
+6 2
+1 2
+1 4
+4 2
+1 2
+3 2
+1 2
+1 2
+3 2
+1 2
+1 2
+6 2
+1 2
+1 2
+1 2
+1 2
+1 2
821 2
+1 2
+1 2
+1 2
+1 2
+2 2
+1 2
+1 2
+1 2
+1 2
+1 2
+1 2
+1 1
+4 1
+1 1
+1 1
+6 1
+1 1
+1 2
+4 1
+1 1
+3 1
+1 1
+1 1
+3 1
+1 1
+1 1
+6 1
+1 1
+1 1
+1 1
+1 1
+1 1
+72 4
+1 4
+1 4
+1 4
+1 4
+2 4
+1 4
+1 4
+1 4
+1 4
+1 4
+1 4
+1 4
+4 4
+1 4
+1 4
+6 4
+1 4
+1 8
+4 4
+1 4
+3 4
+1 4
+1 4
+3 4
+1 4
+1 4
+6 4
+1 4
+1 4
+1 4
+1 4
+1 4
+72 4
+1 4
+1 4
+1 4
+1 4
+2 4
+1 4
+1 4
+1 4
+1 4
+1 4
+1 4
+1 2
+4 2
+1 2
+1 2
+6 2
+1 2
+1 4
+4 2
+1 2
+3 2
+1 2
+1 2
+3 2
+1 2
+1 2
+6 2
+1 2
+1 2
+1 2
+1 2
+1 2
+72 4
+1 4
+1 4
+1 4
+1 4
+2 4
+1 4
+1 4
+1 4
+1 4
+1 4
+1 4
+1 3
+4 3
+1 3
+1 3
+6 3
+1 3
+1 6
+4 3
+1 3
+3 3
+1 3
+1 3
+3 3
+1 3
+1 3
+6 3
+1 3
+1 3
+1 3
+1 3
+1 3
+72 1
+1 1
+1 1
+1 1
+1 1
+2 1
+1 1
+1 1
+1 1
+1 1
+1 1
+1 1
+1 1
+4 1
+1 1
+1 1
+6 1
+1 1
+1 2
+4 1
+1 1
+3 1
+1 1
+1 1
+3 1
+1 1
+1 1
+6 1
+1 1
+1 1
+1 1
+1 1
+1 1
+72 3
+1 3
+1 3
+1 3
+1 3
+2 3
+1 3
+1 3
+1 3
+1 3
+1 3
+1 3
+1 2
+4 2
+1 2
+1 2
+6 2
+1 2
+1 4
+4 2
+1 2
+3 2
+1 2
+1 2
+3 2
+1 2
+1 2
+6 2
+1 2
+1 2
+1 2
+1 2
+1 2
+72 4
+1 4
+1 4
+1 4
+1 4
+2 4
+1 4
+1 4
+1 4
+1 4
+1 4
+1 4
+1 1
+4 1
+1 1
+1 1
+6 1
+1 1
+1 2
+4 1
+1 1
+3 1
+1 1
+1 1
+3 1
+1 1
+1 1
+6 1
+1 1
+1 1
+1 1
+1 1
+1 1
+72 3
+1 3
+1 3
+1 3
+1 3
+2 3
+1 3
+1 3
+1 3
+1 3
+1 3
+1 3
+1 1
+4 1
+1 1
+1 1
+6 1
+1 1
+1 2
+4 1
+1 1
+3 1
+1 1
+1 1
+3 1
+1 1
+1 1
+6 1
+1 1
+1 1
+1 1
+1 1
+1 1
+72 10
+1 10
+1 10
+1 10
+1 10
+2 10
+1 10
+1 10
+1 10
+1 10
+1 10
+1 10
+1 2
+4 2
+1 2
+1 2
+6 2
+1 2
+1 4
+4 2
+1 2
+3 2
+1 2
+1 2
+3 2
+1 2
+1 2
+6 2
+1 2
+1 2
+1 2
+1 2
+1 2
+72 2
+1 2
+1 2
+1 2
+1 2
+2 2
+1 2
+1 2
+1 2
+1 2
+1 2
+1 2
+1 2
+4 2
+1 2
+1 2
+6 2
+1 2
+1 4
+4 2
+1 2
+3 2
+1 2
+1 2
+3 2
+1 2
+1 2
+6 2
+1 2
+1 2
+1 2
+1 2
+1 2
+72 2
+1 2
+1 2
+1 2
+1 2
+2 2
+1 2
+1 2
+1 2
+1 2
+1 2
+1 2
+2 1
+4 1
+1 1
+1 1
+6 1
+1 1
+2 2
+4 1
+1 1
+3 1
+1 1
+1 1
+3 1
+1 1
+1 1
+6 1
+1 1
+1 1
+1 1
+1 1
+1 1
+74 27
+2 27
+1 27
+1 27
+1 27
-3 20
+1 20
+1 20
+1 20
+1 32
+5 16
+6 16
+1 16
+8 16
+1 16
-16 166
+6 166
+1 166
+8 166
+1 166

fl=(35)
fn=(104)
175 5
+1 1
-1 6
+1 1
-1 1
+1 1
-1 1
+1 1
-1 1
+1 2
cfi=(9) ./elf/dl-tunables.c
cfn=(48) __tunable_get_val
calls=1 403 
* 21
* 1
+2 2
+1 3
+26 2
-26 1
+25 1
cfi=(36) ./elf/../sysdeps/x86_64/dl-hwcaps-subdirs.c
cfn=(106) _dl_hwcaps_subdirs_active
calls=1 29 
* 38
fi=(37) ./elf/./dl-hwcaps.h
54 1
fe=(35)
205 1
-1 1
fi=(37)
56 1
+32 1
+1 1
+1 1
fe=(35)
-35 2
cfi=(38) ./elf/dl-hwcaps_split.c
cfn=(112) _dl_hwcaps_split_masked
calls=1 -4 
* 13
* 2
fi=(37)
-1 1
+2 2
-2 1
+34 2
+1 2
+1 1
fe=(35)
-32 1
-1 1
+1 1
+1 1
-1 1
-3 2
cfi=(38)
cfn=(112)
calls=1 -4 
* 20
* 2
cfi=(38)
cfn=(112)
calls=1 -4 
* 196
* 4
+48 5
fi=(25)
-47 1
cfi=(6)
cfn=(72)
calls=1 +72 
* 25
fe=(35)
+47 1
+2 2
+3 2
fi=(37)
-52 1
fe=(35)
+55 1
-3 1
fi=(37)
-54 2
+3 1
fe=(35)
+58 2
cfi=(38)
cfn=(118) _dl_hwcaps_split
calls=1 -90 
* 12
* 2
fi=(37)
-61 1
+2 2
-2 1
+34 2
+1 2
+1 1
fe=(35)
+40 5
+1 2
+1 1
+1 1
-1 1
-4 2
cfi=(38)
cfn=(112)
calls=1 -77 
* 20
* 2
cfi=(38)
cfn=(112)
calls=1 -77 
* 196
* 4
+8 2
+9 1
-15 1
+15 2
-15 1
+15 2
+70 1
+1 1
+4 1
-5 2
+1 4
+4 6
+1 1
-1 1
+1 2
+1 2
-2 5
+1 1
-1 1
+1 2
+1 2
-2 5
+5 1
+3 2
-3 2
+3 15
+7 1
-7 3
+2 3
+1 4
fi=(40) ./elf/../sysdeps/x86/dl-hwcap.h
57 1
fe=(35)
233 2
+3 1
-3 1
fi=(40)
57 2
fe=(35)
233 1
fi=(40)
57 1
fe=(35)
233 1
+1 1
cfi=(20)
cfn=(56)
calls=1 41 
* 17
+1 1
-5 2
+4 1
+1 4
-5 7
+10 3
-2 3
+2 1
+1 1
+1 1
-1 1
+4 4
+1 1
-1 1
+4 2
+4 1
-1 1
+1 2
-1 1
+4 4
+1 1
+8 1
-8 2
+2 2
+1 2
+1 2
-1 2
+1 2
-1 2
+12 2
+4 10
+6 2
fi=(25)
56 1
cfi=(6)
cfn=(72)
calls=1 +72 
* 25
* 1
fe=(35)
283 2
+8 1
fi=(37)
54 1
+2 1
+34 1
-2 2
fe=(35)
-5 1
291 1
fi=(37)
54 1
+35 1
fe=(35)
291 1
fi=(37)
90 1
fe=(35)
-10 2
cfi=(38)
cfn=(112)
calls=1 -29 
* 13
* 2
fi=(37)
-26 2
+2 1
fe=(35)
+27 1
fi=(37)
-29 1
+34 2
+1 2
+1 1
fe=(35)
-8 1
+1 2
+7 1
-7 5
cfi=(26)
cfn=(124)
calls=1 +97 
* 13
+4 1
+2 1
+2 1
-2 2
-9 2
cfi=(38)
cfn=(112)
calls=1 -29 
* 20
* 2
cfi=(38)
cfn=(112)
calls=1 -29 
* 196
* 4
304 1
+2 1
-2 1
-48 2
+82 1
-10 1
-72 3
+82 3
+21 1
-21 1
+21 2
-28 1
+28 1
-28 1
+13 1
+4 2
-38 1
+28 1
+10 1
-4 1
-34 1
+38 2
-38 1
+37 7
-3 2
-3 1
+3 1
cfi=(26)
cfn=(124)
calls=1 180 
* 17
* 2
-3 1
+3 1
cfi=(26)
cfn=(124)
calls=1 180 
* 17
* 2
+3 2
-3 6
+3 5
+1 12
+1 2
-2 1
+2 1
cfi=(26)
cfn=(124)
calls=1 180 
* 15
* 2
-2 2
+5 6
cfi=(26)
cfn=(124)
calls=2 180 
* 30
* 4
+2 5
-7 3
+13 1
-1 1
+1 2
-1 2
+1 7
-1 7
+1 14
-1 18
+5 11
+4 1
-1 1
+1 2
-4 12
+4 2
-1 2
+1 13
-1 9
+1 18
+1 24
-1 12
-1 12
+2 24
-1 24
-1 24
+4 9
+3 1
+2 2
-1 1
-1 1
+2 1
-2 1
+2 2
-1 1
+1 2
+2 6
+1 2
+3 2
-6 2
+6 3
+7 8
+1 1
-1 2
+3 2
-3 3
+1 3
-1 6
+3 6
+3 1
+1 5
+5 9
-20 1
+1 2
-6 3
228 2
+34 4
-2 3

fl=(53)
fn=(180)
29 6
+1 6
+5 9
cfi=(54) ./io/../sysdeps/unix/sysv/linux/fstatat64.c
cfn=(182) fstatat
calls=3 149 
* 24

fl=(71) ./elf/../sysdeps/x86/dl-cet.c
fn=(254) _dl_cet_check
252 8
42 1
+9 1
-10 1
+4 1
-4 1
+3 1
+4 2
+1 2
-1 2
+14 2
254 8

fl=(42)
fn=(136)
40 15
+1 3
cfi=(20)
cfn=(56)
calls=3 * 
* 87
* 3
fi=(198) ./string/../include/rtld-malloc.h
+15 6
cfi=(6)
cfn=(72)
calls=3 +72 
* 75
fe=(42)
-12 6
+4 3
-1 9
+1 6
-1 3
cfi=(26)
cfn=(76)
calls=3 193 
* 41

fl=(61)
fn=(208)
28 18
+1 36
cfi=(54)
cfn=(182)
calls=9 149 
* 88

fl=(58)
fn=(194)
25 3
+1 12
+1 3

fl=(59) ./io/../sysdeps/unix/sysv/linux/access.c
fn=(196) access
25 1
+2 7
+4 1

fl=(72) ./elf/dl-reloc.c
fn=(256) _dl_relocate_object
168 44
+15 4
-15 8
+15 4
+1 20
+6 8
+6 20
-18 6
+22 6
+7 12
+40 3
fi=(5) ./elf/../sysdeps/x86_64/dl-machine.h
75 3
fe=(72)
247 6
fi=(5)
75 7
+6 2
+4 3
+14 1
-8 1
+8 2
+20 2
+4 5
-2 2
fe=(72)
275 129
-96 5
+96 1
fi=(4) ./elf/do-rel.h
48 1
fe=(72)
275 1
fi=(4)
47 1
+11 1
-11 2
+11 2
fe=(72)
275 3
-96 15
+96 3
fi=(4)
48 3
fe=(72)
275 3
fi=(4)
47 3
+11 3
-11 6
+11 6
fe=(72)
275 4
fi=(4)
48 4
fe=(72)
275 4
fi=(4)
47 4
+11 4
-11 8
+11 8
-7 1
-1 1
+11 7
fi=(5)
553 24
+4 24
+3 36
+1 12
fi=(4)
61 36
+2 208
+2 120
-4 120
+13 5
+1 8
+1 80
fi=(5)
553 40
+34 80
+2 40
cob=(3)
cfi=(120) ./string/../sysdeps/x86_64/multiarch/rawmemchr.c
cfn=(388) rawmemchr
calls=1 31 
* 23
cob=(3)
cfi=(119) ./string/../sysdeps/x86_64/multiarch/strncase.c
cfn=(386) strncasecmp
calls=1 31 
* 7
cob=(3)
cfi=(118) ./string/../sysdeps/x86_64/multiarch/mempcpy.c
cfn=(382) mempcpy
calls=1 33 
* 22
cob=(3)
cfi=(117) ./string/../sysdeps/x86_64/multiarch/strspn.c
cfn=(380) strspn
calls=1 29 
* 7
cob=(3)
cfi=(115) ./string/../sysdeps/x86_64/multiarch/memchr.c
cfn=(376) memchr
calls=1 29 
* 23
cob=(3)
cfi=(114) ./string/../sysdeps/x86_64/multiarch/stpcpy.c
cfn=(372) stpcpy
calls=1 33 
* 17
cob=(3)
cfi=(112) ./wcsmbs/../sysdeps/x86_64/multiarch/wmemcmp.c
cfn=(368) wmemcmp
calls=1 29 
* 22
cob=(3)
cfi=(111) ./string/../sysdeps/x86_64/multiarch/strncpy.c
cfn=(364) strncpy
calls=1 29 
* 17
cob=(3)
cfi=(110) ./string/../sysdeps/x86_64/multiarch/strlen.c
cfn=(360) strlen
calls=1 29 
* 21
cob=(3)
cfi=(109) ./string/../sysdeps/x86_64/multiarch/strcasecmp_l.c
cfn=(358) strcasecmp_l
calls=1 31 
* 7
cob=(3)
cfi=(108) ./string/../sysdeps/x86_64/multiarch/strcpy.c
cfn=(354) strcpy
calls=1 29 
* 17
cob=(3)
cfi=(107) ./string/../sysdeps/x86_64/multiarch/strchrnul.c
cfn=(350) strchrnul
calls=1 31 
* 21
cob=(3)
cfi=(106) ./string/../sysdeps/x86_64/multiarch/memrchr.c
cfn=(346) memrchr
calls=1 29 
* 21
cob=(3)
cfi=(104) ./wcsmbs/../sysdeps/x86_64/multiarch/wmemset.c
cfn=(342) wmemset
calls=2 31 
* 38
cob=(3)
cfi=(102) ./string/../sysdeps/x86_64/multiarch/memcmp.c
cfn=(338) bcmp
calls=1 29 
* 22
cob=(3)
cfi=(101) ./string/../sysdeps/x86_64/multiarch/strncase_l.c
cfn=(336) strncasecmp_l
calls=1 31 
* 7
cob=(3)
cfi=(100) ./string/../sysdeps/x86_64/multiarch/strcat.c
cfn=(332) strcat
calls=1 29 
* 17
cob=(3)
cfi=(99) ./wcsmbs/../sysdeps/x86_64/multiarch/wcscpy.c
cfn=(330) wcscpy
calls=1 43 
* 7
cob=(3)
cfi=(98) ./string/../sysdeps/x86_64/multiarch/strcspn.c
cfn=(328) strcspn
calls=1 29 
* 7
cob=(3)
cfi=(97) ./string/../sysdeps/x86_64/multiarch/strcasecmp.c
cfn=(326) strcasecmp
calls=1 31 
* 7
cob=(3)
cfi=(96) ./string/../sysdeps/x86_64/multiarch/strncmp.c
cfn=(324) strncmp
calls=1 67 
* 17
cob=(3)
cfi=(94) ./wcsmbs/../sysdeps/x86_64/multiarch/wmemchr.c
cfn=(320) wmemchr
calls=2 31 
* 46
cob=(3)
cfi=(92) ./string/../sysdeps/x86_64/multiarch/stpncpy.c
cfn=(316) stpncpy
calls=1 31 
* 17
cob=(3)
cfi=(91) ./wcsmbs/../sysdeps/x86_64/multiarch/wcscmp.c
cfn=(312) wcscmp
calls=1 30 
* 21
cob=(3)
cfi=(90) ./string/../sysdeps/x86_64/multiarch/memmove.c
cfn=(308) memmove
calls=2 29 
* 44
cob=(3)
cfi=(89) ./string/../sysdeps/x86_64/multiarch/strrchr.c
cfn=(304) rindex
calls=1 28 
* 21
cob=(3)
cfi=(88) ./string/../sysdeps/x86_64/multiarch/strchr.c
cfn=(302) index
calls=1 61 
* 19
cob=(3)
cfi=(86) ./wcsmbs/../sysdeps/x86_64/multiarch/wcschr.c
cfn=(298) wcschr
calls=2 31 
* 42
cob=(3)
cfi=(84) ./string/../sysdeps/x86_64/multiarch/memcpy.c
cfn=(294) memcpy@@GLIBC_2.14
calls=1 29 
* 22
cob=(3)
cfi=(83) ./wcsmbs/../sysdeps/x86_64/multiarch/wcslen.c
cfn=(290) wcslen
calls=1 29 
* 19
cob=(3)
cfi=(81) ./string/../sysdeps/x86_64/multiarch/memset.c
cfn=(286) memset
calls=1 29 
* 24
cob=(3)
cfi=(79) ./wcsmbs/../sysdeps/x86_64/multiarch/wcsnlen.c
cfn=(282) wcsnlen
calls=1 29 
* 19
cob=(3)
cfi=(78) ./string/../sysdeps/x86_64/multiarch/strcmp.c
cfn=(280) strcmp
calls=1 66 
* 17
cob=(3)
cfi=(77) ./string/../sysdeps/x86_64/multiarch/strpbrk.c
cfn=(278) strpbrk
calls=1 29 
* 7
cob=(3)
cfi=(75) ./string/../sysdeps/x86_64/multiarch/strnlen.c
cfn=(274) strnlen
calls=2 31 
* 42
-36 40
+37 40
fi=(4)
75 120
fe=(72)
275 32
+3 12
+24 4
+3 8
+17 12
+2 32
197 8
+3 2
+7 4
+40 1
-49 1
+49 2
fi=(5)
75 1
fi=(4)
+9 7
-1 14
+3 28
+12 21
+10 10
+3 13
+1 3
fi=(5)
537 3
fi=(4)
112 3
fi=(5)
537 6
fi=(4)
112 1200
fi=(5)
537 1200
fi=(4)
112 1200
fi=(5)
537 2400
+5 2406
+1 1203
fi=(4)
111 1203
fi=(5)
543 2406
fi=(4)
111 2406
+7 28
+3 10
+3 10
-74 3
fi=(5)
492 3
fi=(4)
51 3
fi=(5)
492 6
fi=(4)
127 464
+9 228
+1 114
-1 114
+3 228
-3 114
+1 114
+1 114
-1 228
fi=(5)
271 228
+21 228
+4 228
+7 456
fi=(73) ./elf/../sysdeps/generic/ldsodefs.h
130 294
fi=(5)
303 1765
fi=(4)
138 95
fi=(5)
303 95
fi=(4)
138 95
fi=(5)
303 95
fi=(4)
138 95
fi=(5)
303 1425
cfi=(7)
cfn=(264) _dl_lookup_symbol_x
calls=95 835 
* 52637
* 665
+1 294
+30 678
458 194
+1 97
fi=(4)
124 348
+19 12
+1 18
+1 6
+3 4
+4 2
-1 2
-3 2
+1 2
+1 2
+2 2
-3 4
fi=(5)
303 8
516 2
-1 4
+1 4
+1 2
cfi=(13) ./elf/../sysdeps/x86/dl-get-cpu-features.c
cfn=(408) __x86_cpu_features
calls=1 42 
* 6
cob=(3)
cfi=(74) ./string/../sysdeps/x86/cacheinfo.c
cfn=(272) __x86_cacheinfo
calls=1 86 
* 26
+1 2
+4 2
-92 51
+4 68
+5 51
+9 34
+60 32
304 159
+3 111
-3 111
+3 222
+2 15
+3 6
+1 9
+11 6
+7 3
cob=(3)
cfi=(102)
cfn=(338)
calls=1 29 
* 22
cob=(3)
cfi=(81)
cfn=(286)
calls=1 29 
* 24
cob=(3)
cfi=(88)
cfn=(302)
calls=1 61 
* 19
* 9
+3 6
fi=(4)
129 12
fi=(5)
303 66
+1 95
+3 95
-3 204
+3 4
-4 113
fe=(72)
+27 20
+3 4
-3 4
+3 4
+4 8
+1 16
cfi=(66)
cfn=(224)
calls=4 117 
* 24
* 8
-63 6
fi=(4)
50 2
160 6
+2 24
+9 18
-1 36
fi=(5)
271 12
+21 12
+4 12
+7 24
fi=(73)
130 18
fi=(5)
303 198
cfi=(7)
cfn=(264)
calls=6 835 
* 3183
* 42
+1 18
+30 36
458 18
+1 6
fi=(4)
160 18
+14 3
fi=(5)
304 2
+3 2
-3 2
+3 4
-3 2
+3 2
-3 4
fe=(72)

fl=(124)
fn=(406)
74 30
+2 3
-2 3
+4 3
-4 3
+2 3
+2 9
+37 3
-37 9
+1 6
+2 12
+3 25
-52 3
+54 9
-53 12
+2 6
+1 6
+12 12
+3 3
+2 12
cfi=(29)
cfn=(86)
calls=3 +58 
* 204
* 6
+4 6
+1 3
-1 3
+1 18
+1 9
cfi=(29)
cfn=(86)
calls=3 +52 
* 75
* 6
+57 27
-23 6

fl=(49)
fn=(212) _dl_sysdep_read_whole_file
44 2
+3 1
-3 6
+3 1
-3 1
+3 1
cfi=(50)
cfn=(170)
calls=1 -13 
* 19
+1 2
+23 7
-21 4
cfi=(53)
cfn=(180)
calls=1 -21 
* 15
* 2
+2 2
+3 2
+13 2
cfi=(58)
cfn=(194)
calls=1 -43 
* 6
* 1
-11 6
cfi=(55)
cfn=(184)
calls=1 -9 
* 20
* 2

fn=(166)
340 84
+1 28
cfi=(29)
cfn=(86)
calls=14 111 
* 485
* 28
+3 14
+2 28
+6 15
-6 30
+1 54
cfi=(29)
cfn=(86)
calls=18 111 
* 729
* 36
+8 3
-13 3
+13 20
-1 11
+1 33

fl=(67) ./malloc/scratch_buffer_set_array_size.c
fn=(228) __libc_scratch_buffer_set_array_size
30 2
+4 2
-4 2
+1 2
+3 2
-3 2
-1 2
+5 2
-5 4
+5 2
+11 2
-1 4
+18 8

fl=(1) ???
fn=(0) 0x00000000000010d0
0 2
cfi=(2) ./elf/rtld.c
cfn=(2) _dl_start
calls=1 504 
0 150327
0 14
cfi=(134) ./elf/dl-init.c
cfn=(444) _dl_init
calls=1 77 
0 372
0 3
cob=(5) /media/sf_VSC/SecondSem/HashTableOpt/opt_prog/hash
cfi=(140) ???
cfn=(470) (below main)
calls=1 0 
0 4963258315

fl=(6)
fn=(10) __rtld_malloc_init_stubs
55 1
+1 2
+1 2
+1 2
+1 2
+1 1

fn=(400) lookup_malloc_symbol
74 8
+3 4
-3 28
+3 4
-3 4
+3 4
-1 4
+1 16
cfi=(7)
cfn=(264)
calls=4 835 
* 2101
+4 8
-4 4
+4 20
+1 28
fi=(122) ./elf/./dl-sym-post.h
-41 8
+12 12
fe=(6)
+32 36

fn=(72)
128 115
+1 23
+11 23
-11 46
+11 46
+3 23
-3 23
+3 130
+18 23
+1 23
+2 92
-16 8
+1 4
+2 2
+1 14
cfi=(55)
cfn=(184)
calls=2 48 
* 40
* 2
+2 4
+2 4
+2 2
+4 2
-4 4
-23 1
-1 1
+1 1
+1 2
-2 2

fn=(396) __rtld_malloc_init_real
89 2
+10 1
fi=(121) ./elf/../sysdeps/generic/dl-hash.h
-54 1
fe=(6)
+44 1
fi=(121)
-45 1
fe=(6)
+45 5
+11 1
-1 1
fi=(121)
-56 1
+5 4
+14 4
-17 3
+3 20
+14 20
-17 15
fe=(6)
+59 2
fi=(121)
-37 1
fe=(6)
+35 1
+2 2
fi=(121)
-32 1
fe=(6)
+32 1
cfn=(400)
calls=1 -30 
* 542
+1 3
-1 1
+1 1
cfn=(400)
calls=1 -31 
* 565
+1 3
-1 1
+1 1
cfn=(400)
calls=1 -32 
* 597
+1 3
-1 1
+1 1
cfn=(400)
calls=1 -33 
* 585
+5 1
+1 1
+1 1
+1 1
+1 7

fn=(140)
188 3
+2 12

fn=(68) rtld_calloc
171 16
+4 8
+4 8
-1 16
+1 16
fi=(25)
56 8
cfi=(6)
cfn=(72)
calls=8 +72 
* 207
fe=(6)

fn=(132)
345 2
+3 4
+2 2
+1 4
+4 33
+7 84
-2 56
+13 1
+4 4
-22 14
+15 14
-15 30

fl=(132) ./elf/dl-runtime.c
fn=(430) _dl_fixup
60 3
+9 1
fi=(199) ./elf/../sysdeps/x86_64/dl-runtime.h
-41 1
fe=(132)
+32 1
+3 2
+5 1
+1 2
-7 1
+8 1
+2 1
-2 5
+2 1
-2 1
+2 1
+5 2
+4 2
+4 3
+4 2
+1 4
-7 4
+16 1
-1 1
+1 2
+10 10
cfi=(7)
cfn=(264)
calls=1 835 
* 673
* 1
+4 5
+10 9
+7 1
+8 4
+4 3
fi=(5)
+95 1
fe=(132)
-91 4

fl=(41)
fn=(128)
105 13
+1 65
+6 13
+1 13
+1 6
+1 6
+71 6
+1 6
+1 6
+1 6
+1 4
+1 4
+5 4
+4 2
+1 2
+1 2
+1 2
+1 1
+1 1
+1 2
+3 1
+1 1
+1 1
+1 1
+1 1
+1 1
+1 1
-6 28
+1 28
+1 28
+1 28
+1 28
+1 28
+1 28
+4 2
+1 2
+1 2
+1 2
+1 2
+41 7
+1 7
+1 7
+1 6
+1 6
+1 2
+1 2
+21 1
+1 1
+1 1
+3 4
+1 4
+1 4
+3 2
+1 2
+1 2

fl=(33) ./posix/../sysdeps/unix/syscall-template.S
fn=(98) uname
120 5
+2 1

fl=(66)
fn=(224)
117 25
+5 5

fn=(440) munmap
117 5
+5 1

fl=(60) ./elf/dl-deps.c
fn=(202) openaux
61 6
+7 2
-4 4
+1 2
-1 16
cfi=(28)
cfn=(164)
calls=2 2050 
* 6737
* 2
+5 4

fn=(198) _dl_map_object_deps
159 2
+1 1
-1 1
+1 2
-1 2
+1 1
-1 2
+1 1
-1 6
+1 3
-1 1
+1 7
-8 1
+8 2
-8 1
-6 1
-1 1
+7 1
+8 1
-16 1
+2 1
+6 1
+24 3
-28 2
-2 1
+31 1
-33 2
+2 2
+30 2
-30 1
-1 4
+7 4
+24 2
-32 1
+60 1
-60 3
+36 1
fi=(68) ./elf/../include/scratch_buffer.h
77 3
fe=(60)
198 1
fi=(68)
78 1
fe=(60)
200 2
+87 1
-89 1
+4 1
+7 1
+4 4
-4 3
+4 12
+11 12
-18 2
+18 4
433 12
+2 2
+3 2
-3 4
+3 2
fi=(25)
56 2
cfi=(6)
cfn=(72)
calls=2 +72 
* 50
* 2
fe=(60)
439 4
+6 2
+1 10
cfi=(26)
cfn=(76)
calls=2 193 
* 22
+1 10
cfi=(26)
cfn=(76)
calls=2 193 
* 22
+4 2
-1 2
+5 16
204 9
458 9
-1 4
+1 8
199 3
+27 2
+11 2
-5 2
+1 4
-7 2
+7 2
-7 2
+5 2
+6 2
-4 2
+4 6
+66 2
-97 2
+97 2
-66 2
+66 4
-65 6
+6 8
cfi=(28)
cfn=(200)
calls=2 -8 
* 108
* 6
+4 6
-2 2
+2 2
cob=(2)
cfi=(46)
cfn=(156) 0x0000000004001050
calls=2 0 
* 6895
+1 4
+9 2
+2 4
+5 10
+6 2
+2 2
-8 4
+3 2
+1 2
+1 2
+1 2
+4 10
+4 6
+1 3
-43 200
+1 96
+44 144
-38 4
fi=(68)
85 3
fe=(60)
464 6
+1 1
+3 4
+11 3
fi=(25)
56 1
cfi=(6)
cfn=(72)
calls=1 +72 
* 25
* 1
fe=(60)
481 2
+5 3
+1 1
-1 2
+4 2
-2 1
+2 1
-2 2
+11 3
+5 3
-14 9
-23 3
+25 3
+7 3
-2 6
-5 1
+7 1
-2 2
+2 2
+5 1
-14 6
+17 2
+52 3
+37 3
+15 1
-11 1
+11 1
-14 2
+19 7
+3 5
cfi=(69) ./elf/dl-sort-maps.c
cfn=(234) _dl_sort_maps
calls=1 28 
* 236
+3 1
+3 1
-1 1
+2 2
+7 3
+3 3
+3 8
214 25
+3 2
fi=(68)
-86 6
cfi=(67)
cfn=(228)
calls=2 30 
* 36
fe=(60)
+86 4
+4 6
611 2
cfi=(26)
cfn=(76)
calls=1 193 
* 11
* 1
-53 2
160 2
380 6

fl=(55)
fn=(184)
48 12
+3 24
-3 48
+6 24
+5 72
+2 36
-7 10

fl=(47) ./elf/dl-error-skeleton.c
fn=(154) _dl_catch_error
225 10
+2 2
cob=(2)
cfi=(46)
cfn=(156)
calls=1 0 
* 2721
+1 2
+1 1
+1 1
-1 1
+1 1
+2 5

fn=(158) _dl_catch_exception
175 9
+5 3
-5 9
+5 3
-2 6
+22 3
-1 3
+7 6
-6 3
+3 6
+3 3
cfi=(48) ./setjmp/../sysdeps/x86_64/setjmp.S
cfn=(160) __sigsetjmp
calls=3 30 
* 72
* 12
+2 9
cfi=(60)
cfn=(202)
calls=2 61 
* 6773
cfi=(2)
cfn=(162) map_doit
calls=1 650 
* 2660
+2 3
-1 3
+1 3
-1 3
+1 6
+9 12

fn=(236) _dl_receive_error
238 6
+1 1
+1 1
+3 1
+1 1
+2 1
cfi=(2)
cfn=(238) version_check_doit
calls=1 683 
* 3460
+2 1
+1 1
+1 4

fl=(11) ./elf/../sysdeps/unix/sysv/linux/dl-sysdep.c
fn=(96) _dl_discover_osversion
46 5
+2 3
+40 2
cfi=(33)
cfn=(98)
calls=1 +32 
* 6
+15 1
-15 2
+20 1
-1 1
+3 12
+4 3
-2 6
+2 10
+3 1
-1 1
+1 3
-3 4
+7 3
-1 3
+4 3
-2 3
+2 10
+8 1
+1 5
-4 2

fl=(2)
fn=(2)
504 10
71 3
fi=(5)
-13 1
fe=(2)
+13 1
fi=(3)
-25 1
fi=(5)
+12 2
fe=(2)
548 1
-3 1
fi=(3)
46 2
+9 1
+5 1
+3 1
+2 1
+4 1
-7 1
-3 1
-3 14
+13 4
-23 16
+23 14
-23 56
+4 36
+5 20
+2 5
+3 4
+16 2
+20 4
+1 4
+1 4
+1 4
+2 4
+5 4
+1 4
+1 4
+5 3
+5 2
+7 3
+1 3
+8 3
+3 3
+4 2
+1 2
fe=(2)
559 2
+7 1
+13 1
cfi=(6)
cfn=(10)
calls=1 55 
* 10
71 1
471 1
71 3
471 1
cfi=(7)
cfn=(12)
calls=1 955 
* 24
+1 1
+1 1
+11 1
-12 1
+1 2
+17 1
-17 1
+17 1
-15 1
-2 1
+2 1
-2 1
+17 1
cfi=(8) ./elf/../elf/dl-sysdep.c
cfn=(14) _dl_sysdep_start
calls=1 88 
* 149666
* 1
+2 2
594 9
-30 7
fi=(4)
46 1
fe=(2)
564 3
fi=(4)
86 3
fe=(2)
564 4
fi=(4)
47 1
fe=(2)
564 3
fi=(4)
47 3
+37 1
-1 1
+28 3
+1 2
fi=(5)
542 2
fi=(4)
112 16
fi=(5)
542 16
+1 9
fi=(4)
111 9
fi=(5)
543 18
fi=(4)
111 18
+5 2
fi=(5)
422 1
fi=(4)
124 2
fi=(5)
334 10
fi=(4)
124 18
+12 6
+3 6
-3 6
fi=(5)
296 6
fi=(4)
139 6
-3 6
+1 12
fi=(5)
296 12
+8 24
+3 6
-3 18
+3 6
-3 6
+3 12
+27 28
fi=(3)
63 4
+2 4
fi=(5)
334 2
+20 10
+1 5
fe=(2)

fn=(162)
650 2
+2 1
-2 1
+2 1
+1 2
-1 2
+1 3
cfi=(28)
cfn=(164)
calls=1 2050 
* 2645
* 1
+2 2

fn=(244) init_tls
743 3
+2 1
+4 1
-4 1
+4 2
+11 1
fi=(25)
44 1
fe=(2)
755 1
+4 1
fi=(25)
44 1
cfi=(6)
cfn=(68)
calls=1 171 
* 34
fe=(2)
770 1
-12 1
+6 1
-9 1
+11 1
+4 1
+2 3
-1 2
+3 8
+4 1
+2 1
-2 2
-5 1
-1 2
+10 3
+3 2
cfi=(44)
cfn=(246) _dl_tls_static_surplus_init
calls=1 97 
* 78
+3 1
cfi=(44)
cfn=(248) _dl_determine_tlsoffset
calls=1 221 
* 74
+7 1
cfi=(44)
cfn=(250) _dl_allocate_tls_storage
calls=1 422 
* 451
* 1
+1 2
+6 1
+3 2
-3 1
+3 6
+3 1
cfi=(22) ./elf/../sysdeps/nptl/dl-tls_init_tp.c
cfn=(252) __tls_init_tp
calls=1 59 
* 32
+1 1
+3 5
-39 3
-1 7

fn=(60) dl_main
1111 2
191 1
297 1
1111 6
2798 1
1111 2
2667 1
1111 2
297 1
1111 2
193 1
296 1
191 1
+99 3
1125 1
cfi=(22)
cfn=(62) __tls_pre_init_tp
calls=1 44 
* 17
2646 3
+6 5
-4 1
+4 1
+2 3
cfi=(23) ./elf/dl-environ.c
cfn=(64) _dl_next_ld_env_entry
calls=1 28 
* 87
* 4
cfi=(23)
cfn=(64)
calls=2 28 
* 348
* 9
+4 6
-2 2
+2 6
+1 2
-1 6
+1 17
-1 89
+9 12
2814 4
+32 2
1141 1
+1 2
-1 2
+1 2
2743 3
+1 3
-56 2
+7 2
1423 7
cfi=(24)
cfn=(66)
calls=1 59 
* 226
* 1
+2 3
+1 1
+6 2
-6 1
+1 2
+1 3
+4 1
cfi=(24)
cfn=(78)
calls=1 31 
* 35
+1 2
1119 1
1462 1
-7 1
+2 1
+5 1
-3 1
+3 2
-7 1
+2 1
+5 4
+56 1
1116 1
1463 1
+18 1
+22 1
+15 2
-55 116
+95 4
+2 1
-98 27
fi=(27)
104 3
fe=(2)
1565 22
+6 4
cfi=(28)
cfn=(84)
calls=1 866 
* 21
-7 26
+1 13
+6 13
-6 26
fi=(27)
95 8
204 1
104 2
+99 1
-99 1
+99 1
100 1
+1 1
+1 1
+2 3
+81 4
-1 1
-80 3
+3 3
+1 2
+1 2
+4 3
+4 3
+3 3
+1 2
+4 1
+1 3
+23 4
+10 2
-1 4
+1 1
+18 3
+2 4
-49 4
+1 2
+3 4
+3 2
+1 8
+5 8
fe=(2)
1467 1
-5 1
+5 2
-5 2
+29 1
-9 1
+27 1
-27 1
+2 1
-3 1
+10 2
-19 1
-10 1
+10 2
-10 2
+56 4
-1 4
+1 8
-1 4
+2 8
+1 1
+3 2
+1 2
-1 6
+1 6
+1 4
+1 10
-64 1
+65 1
-65 2
+92 1
-92 1
+92 1
-92 2
1580 3
+2 1
-5 3
+3 2
+2 2
+2 2
+13 3
+3 1
-2 1
+2 1
-2 1
+2 1
-2 2
cfi=(29)
cfn=(86)
calls=1 111 
* 25
* 2
+7 1
+3 1
-5 1
+3 1
+2 1
+1 2
+4 2
+2 2
fi=(3)
40 4
+4 1
+2 3
+9 1
+5 1
+2 1
+1 1
+2 1
-6 1
-3 17
+13 5
-23 20
+23 21
-23 84
+4 52
+5 24
+2 5
+19 4
+37 4
+5 2
+7 3
+1 3
+18 4
+5 2
+2 2
+2 2
+2 2
+3 4
+2 3
+1 2
+9 2
+5 2
+3 3
fe=(2)
1623 4
+7 2
cfi=(7)
cfn=(12)
calls=1 955 
* 24
+3 2
fi=(30) ./elf/./setup-vdso.h
24 2
fi=(32) ./elf/../sysdeps/unix/sysv/linux/dl-vdso-setup.h
+21 1
fe=(2)
1658 1
cfi=(11)
cfn=(96)
calls=1 46 
* 91
* 8
fi=(34) ./elf/./dl-main.h
109 5
cfi=(28)
cfn=(102)
calls=1 704 
* 2736
fe=(2)
1666 3
cfi=(43)
cfn=(142)
calls=1 46 
* 18
+7 1
-7 1
+2 1
+5 1
+4 1
+1 1
+2 1
-3 3
+1 2
+3 1
+5 1
-7 1
+7 1
+1 5
+17 2
+1 2
+5 1
-3 2
+2 1
+1 2
+5 3
+1 5
-1 2
218 2
+1 2
+1 2
-2 2
+2 2
1733 2
+5 1
-1 1
+1 1
+24 1
cfi=(44)
cfn=(144) _dl_count_modids
calls=1 197 
* 6
* 1
+8 4
+3 2
+4 3
+5 2
+1 1
cfi=(43)
cfn=(146) _dl_debug_state
calls=1 73 
* 2
+1 1
+4 3
+16 3
+2 1
+2 2
+9 2
+16 3
cfi=(59)
cfn=(196)
calls=1 25 
* 9
* 2
+76 4
71 1
1929 3
71 3
1929 5
cfi=(60)
cfn=(198)
calls=1 159 
* 8373
78 1
1935 1
78 2
+9 2
1935 2
+1 6
-1 4
+1 6
-1 12
+4 3
+1 3
+1 1
+16 1
-14 2
+1 5
-1 9
+1 9
+12 3
+1 2
+2 1
+2 3
+2 1
-4 1
+5 1
-1 2
+14 2
+1 2
+1 3
+11 2
+2 1
-2 1
+2 2
-2 1
+1 3
+1 1
-2 3
+2 1
cfi=(47)
cfn=(236)
calls=1 238 
* 3477
+10 2
+1 2
+3 2
849 1
fi=(200) ./elf/../sysdeps/unix/sysv/linux/dl-osinfo.h
64 2
fe=(2)
851 1
fi=(200)
77 1
fe=(2)
860 1
+7 1
-5 1
2011 3
2241 4
fi=(27)
190 5
+2 1
+2 4
-2 3
+2 1
fe=(2)
1718 2
+6 1
-6 2
+6 1
fi=(3)
60 4
+3 4
+2 4
fi=(31) ./elf/../sysdeps/unix/sysv/linux/dl-vdso.h
-25 1
+1 2
fe=(2)
2310 1
1118 1
2297 2
+4 1
-4 1
+10 1
-6 1
+6 1
-6 1
+9 2
+8 2
fi=(27)
36 2
+1 3
+3 1
+13 1
-13 9
+9 6
-9 1
+9 20
+4 15
-16 12
+34 4
cfi=(71)
cfn=(254)
calls=1 252 
* 30
fe=(2)
2320 2
+33 1
78 3
+1 1
2410 1
79 1
2410 1
+5 4
+2 1
+7 2
cfi=(44)
cfn=(394) _dl_allocate_tls_init
calls=1 524 
* 134
+3 2
+10 3
+2 4
+30 3
cfi=(125)
cfn=(410)
calls=1 27 
* 1280
+7 1
cfi=(8)
cfn=(436) _dl_sysdep_start_cleanup
calls=1 267 
* 2
+4 3
+21 3
cfi=(43)
cfn=(142)
calls=1 46 
* 9
+1 1
-1 1
+2 1
cfi=(43)
cfn=(146)
calls=1 73 
* 2
+1 1
+4 1
cfi=(62)
cfn=(438) _dl_unload_cache
calls=1 537 
* 18
+5 8
2371 3
+3 1
71 4
2378 2
+1 19
+2 8
+5 8
+2 8
+8 4
-2 4
+2 8
+1 24
cfi=(72)
cfn=(256)
calls=3 168 
* 81379
+4 10
+1 3
cfi=(44)
cfn=(392) _dl_add_to_slotinfo
calls=1 1004 
* 28
* 1
1676 4
fi=(3)
96 4
+1 5
+1 5
+1 5
+2 5
+5 5
+1 5
+1 6
fe=(2)
2451 3
cfi=(6)
cfn=(396)
calls=1 89 
* 2403
+3 1
cfi=(123) ./elf/../sysdeps/nptl/dl-mutex.c
cfn=(404) __rtld_mutex_init
calls=1 30 
* 411
71 1
2460 1
+1 3
71 3
2461 2
cfi=(72)
cfn=(256)
calls=1 168 
* 3864
78 3
+9 3
fi=(3)
+89 4
-20 3
fe=(2)
2390 1
+1 1
-3 2
1954 2
fi=(32)
30 3
+3 1
+3 1
+3 1
fi=(31)
+16 2
fe=(2)
2004 2
cfn=(244)
calls=1 743 
* 745
* 2
-91 10
71 1
1812 2
71 3
1812 2
cfn=(148) handle_preload_list
calls=1 881 
* 3066
* 1
78 3
+9 3
fi=(27)
+75 3
fe=(2)
2695 4
+2 2
+1 1
+46 2
+2 1
+1 1
-1 1
+1 1
+1 1
1913 6
+1 1
-1 1
+4 3
+1 1
+1 2
+1 2
-7 2

fn=(238)
683 3
+2 4
cfi=(70) ./elf/dl-version.c
cfn=(240) _dl_check_all_versions
calls=1 362 
* 3449
* 2
+4 2

fn=(148)
881 10
+5 5
-4 1
+10 2
-3 3
cfi=(45) ./string/../sysdeps/x86_64/strcspn.S
cfn=(150) strcspn
calls=1 28 
* 233
* 1
+1 3
+9 1
177 1
901 2
177 2
903 2
-75 2
-6 1
+4 1
+2 2
-10 1
+10 1
-5 1
+1 1
+4 1
cob=(2)
cfi=(46)
cfn=(152) 0x0000000004001080
calls=1 0 
* 2746
+1 3
+8 3
+67 1
-18 2
+21 9
-15 4
cfi=(26)
cfn=(76)
calls=1 193 
* 19
+1 2

fl=(22)
fn=(80) rtld_mutex_dummy
37 8
+2 16

fn=(62)
44 3
+3 8
+5 1
-5 1
+5 1
+1 1
-6 1
+8 1

fn=(252)
59 1
+2 1
fi=(201) ./elf/../include/list.h
-17 1
+1 1
fe=(22)
+16 1
fi=(201)
-17 1
+1 1
+1 1
+2 1
fe=(22)
+17 1
-1 1
+1 3
+1 2
+1 1
+5 2
+5 1
+6 1
-3 1
+3 1
-6 3
+6 1
+13 2
+2 1
+1 1
+1 1

fl=(43)
fn=(146)
73 2
+1 2

fn=(142)
46 4
+3 8
+5 6
+5 1
-1 1
+1 3
+1 2
-1 1
+5 1
-14 4
+4 8
+3 1
+1 5

fl=(44)
fn=(226)
131 2
+3 3
+52 1
+2 1
+3 1
+1 2

fn=(248)
221 8
+6 3
+3 2
+36 3
+2 1
-2 1
-2 1
-40 1
-1 1
-1 1
+46 2
+23 3
+3 1
-3 4
+2 2
+10 1
-12 1
-25 6
+2 2
+3 1
-1 1
+5 2
-5 1
+1 1
-1 1
+3 2
+2 3
+32 2
-1 1
+53 1
-52 4
+2 2
+51 8

fn=(392)
1004 8
+6 1
+3 1
+1 1
+4 3
+34 2
+3 3
+1 3
+3 6

fn=(394)
524 9
+1 2
+4 1
+6 1
-6 2
+6 1
cfi=(22)
cfn=(80)
calls=1 37 
* 3
+3 3
-7 1
+19 1
-18 2
+23 8
+9 3
+1 2
+6 3
+3 1
-2 1
+6 1
-6 1
+2 2
+4 1
-4 3
+3 2
+4 2
+1 4
+2 2
+1 2
+12 1
-3 1
+3 2
cfi=(26)
cfn=(124)
calls=1 180 
* 13
* 5
cfi=(41)
cfn=(128)
calls=1 105 
* 23
-36 1
-6 4
+6 4
+48 2
cfi=(22)
cfn=(80)
calls=1 37 
* 3
+3 2
+3 9

fn=(250)
422 2
+13 1
-13 2
+2 1
+12 1
fi=(25)
56 1
cfi=(6)
cfn=(72)
calls=1 +72 
* 64
fe=(44)
437 3
+8 2
fi=(25)
44 1
fe=(44)
445 2
+1 1
+4 321
+19 1
-99 1
+4 1
+1 1
fi=(25)
44 1
cfi=(6)
cfn=(68)
calls=1 171 
* 34
fe=(44)
376 2
+3 1
+6 2
+90 5

fn=(144)
197 1
+2 2
+1 1
+15 2

fn=(246)
97 2
+4 1
-4 2
+4 1
-4 2
+4 3
cfi=(9)
cfn=(48)
calls=1 403 
* 21
* 1
+1 4
cfi=(9)
cfn=(48)
calls=1 403 
* 21
* 3
+6 1
+2 3
+3 1
+2 1
-32 3
+34 3
+1 5

fl=(134)
fn=(444)
77 12
+1 1
+1 1
+3 3
+8 2
+25 1
+1 5
+1 2
-86 4
+86 6
-86 12
+2 20
cfn=(446) call_init.part.0
calls=3 -7 
* 199
+83 12
+7 8
-92 4
+2 6
cfn=(446)
calls=1 -7 
* 72
+52 2

fn=(446)
26 32
+13 4
-13 4
+16 4
-3 8
+3 8
+5 6
+8 9
+1 6
cob=(2)
cfi=(46)
cfn=(448) 0x000000000483a000
calls=1 -56 
* 7
+3 3
+1 6
+6 4
+2 4
-2 2
+3 13
+1 4
cob=(3)
cfi=(139) ./libio/vtables.c
cfn=(466) check_stdfiles_vtables
calls=1 +13 
* 12
* 8
cob=(3)
cfi=(136) ./csu/init-first.c
cfn=(458) _init_first
calls=1 -24 
* 80
cob=(4)
cfi=(135)
cfn=(452)
calls=1 -70 
* 12
-1 9
+3 24
-29 2

fl=(65)
fn=(220)
25 8
+1 16
+1 4

fl=(45)
fn=(150)
28 1
+2 1
+7 1
+1 1
+2 1
+1 1
+1 1
+1 1
+1 33
+3 3
+7 1
+1 1
+1 1
+1 1
+2 1
+1 1
+1 1
+1 1
+2 1
+1 1
+1 1
+9 3
+12 1
+2 1
+1 1
+1 1
-4 12
+2 12
+1 12
+1 12
+2 13
+1 13
+1 13
+2 13
+1 13
+1 13
+2 13
+1 13
+1 13
+2 1
+1 1
+1 1
+2 1
+7 1
+4 1

fl=(38)
fn=(112)
51 40
-25 42
+4 24
+4 48
+1 12
-1 24
+2 24
+5 27
cfi=(39)
cfn=(114)
calls=9 -18 
* 216
+1 18
+3 6
+11 12
+1 12
+1 6
-1 6
+1 6
-2 6
+1 6
+1 3
-1 3
+1 15
cfn=(116) _dl_hwcaps_contains
calls=3 +8 
* 15
* 6
-3 5
+7 32
-19 6
cfi=(20)
cfn=(56)
calls=3 -2 
* 51
* 3

fn=(116)
66 3
+1 6
+1 3
+9 3

fn=(118)
25 4
+1 3
+21 1
-20 1
+20 3

fl=(26)
fn=(124)
180 29
+1 29
+1 29
+1 29
+17 29
+1 29
+1 5
+1 5
+5 4
+1 4
+1 4
+1 4
+3 4
366 24
+1 24
+1 8
+1 8
+1 3
+1 3
+1 1
+4 1
+21 16
+1 16
+1 16
+1 16
+1 16
+3 5
+1 5
+1 5
+1 5
+1 5
+3 2
+1 2
+1 2
+1 2
+1 2
+10 1
+1 1
+1 1
+1 1
+21 1
+1 1
+1 1
+1 1
+1 1
+1 1
+1 1
+1 1
+1 1

fn=(76)
193 14
+1 14
+6 14
+1 14
+1 8
+1 8
+5 5
+1 5
+1 5
+1 5
+3 5
366 6
+1 6
+1 1
+1 1
+1 1
+1 1
+1 1
+1 1
+1 1
+2 1
+21 5
+1 5
+1 5
+1 5
+1 5
+24 3
+1 3
+1 3
+1 3
+21 3
+1 3
+1 3
+1 3
+1 3
+1 3
+1 3
+1 3
+1 3

fl=(191) ./elf/dl-fini.c
fn=(766) _dl_fini
31 9
+20 3
-3 6
+3 4
+3 2
cob=(3)
cfi=(192) ./nptl/pthread_mutex_lock.c
cfn=(768) pthread_mutex_lock@@GLIBC_2.2.5
calls=1 +19 
* 43
+2 1
+3 2
+2 6
+8 2
-3 1
+3 14
+5 2
+2 8
+2 8
+2 8
+1 4
+1 4
+4 4
-12 12
+14 6
+1 4
+6 3
cfi=(69)
cfn=(234)
calls=1 -67 
* 257
+10 2
cob=(3)
cfi=(193) ./nptl/pthread_mutex_unlock.c
cfn=(770) pthread_mutex_unlock@@GLIBC_2.2.5
calls=1 368 
* 34
+5 6
+2 1
+2 3
-2 3
+2 9
+3 8
+3 12
+4 4
+11 2
+1 2
-1 2
+2 2
-2 2
+2 2
-2 2
+3 10
+1 2
cob=(4)
cfi=(135)
cfn=(796)
calls=1 0 
* 92
cob=(5)
cfi=(140)
cfn=(772) 0x0000000000001320
calls=1 0 
* 92
-1 8
+5 6
+1 6
cob=(2)
cfi=(46)
cfn=(812) 0x000000000483a28c
calls=1 0 
* 4
cob=(2)
cfi=(46)
cfn=(794) 0x000000000010c02c
calls=1 0 
* 4
+6 24
+19 4
-59 14
+11 6
-26 7
+80 6
+6 2
+7 8

fl=(39)
fn=(114)
23 15
+1 15
+1 15
+1 15
+1 15
+1 15
+1 15
+1 15
+1 15
+1 15
+1 15
+1 15
+1 15
+1 15
+1 15
+1 15
+1 15
+1 15
+1 13
+4 13
+1 13
+1 13
+1 13
+2 13
+4 2
+1 2
+1 2
+1 2
+1 2
+1 2
+1 2
+1 2
+1 2
+1 2
+1 2
+1 2
+1 2
+1 2
+1 2
+1 2
+1 2
+1 2
+1 2
+1 2
+1 2
+1 2
+1 2
+1 2
+52 2
+4 2
+1 2
+1 2
+1 2
+2 2

fl=(20)
fn=(56)
41 16
+44 16
+1 16
+1 16
+1 16
+1 16
+1 16
+1 16
+2 16
+2 16
+31 16
+1 16
+1 16
+1 16
+1 16
+1 10
+2 10
+4 6
+1 6
+1 6
+1 6
+1 6
+1 6
+1 6
+1 6
+1 6
+1 6
+1 6
+1 6
+5 48

fl=(14) ./elf/../sysdeps/x86/cpu-features.c
fn=(34) update_active.constprop.0
43 7
+4 1
+28 1
-18 1
+9 1
-10 1
-1 1
+21 1
+4 1
-24 1
-1 1
+21 1
-21 1
+25 1
-24 1
+20 1
-11 1
+23 1
-8 1
-6 1
+9 1
+10 1
-9 1
-19 1
+9 1
+21 1
-3 1
-4 1
-5 1
+10 2
+1 1
-7 1
-22 1
+9 1
+18 1
-12 1
+12 1
+2 1
-29 1
+22 1
+7 1
-11 1
-9 1
+13 1
+5 1
+3 1
+3 1
-1 2
+1 1
-1 1
+1 1
+2 2
+1 4
+3 3
+1 2
-1 1
+1 2
+4 2
+4 2
+2 4
+83 3
+12 2
+1 1
+3 3
+4 1
-4 1
+4 1
+67 3
+4 3
fi=(16) ./elf/../sysdeps/x86/get-isa-level.h
31 1
-3 1
+3 1
-1 2
fe=(14)
296 1
+1 8
-75 3
+1 2
+3 1
-1 1
+9 1
-5 1
+2 1
-2 1
+5 1
fi=(16)
32 3
+4 3
fe=(14)
+83 2
+2 1
+3 2
+10 1
+10 2
-10 2
+6 2
-6 1
+6 1
+2 1
-2 1
+2 3
+7 4
fi=(16)
39 3
+1 4
+5 1
-7 1
+7 3
+2 1
+1 2
+1 3
+2 4
fe=(14)
+80 1
-5 2
+4 1

fn=(28) init_cpu_features.constprop.0
399 1
+16 1
-16 6
+3 1
+1 1
+1 1
+11 2
+3 6
664 3
+1 1
+3 2
+1 1
+7 2
-1 1
+1 1
+2 1
fi=(17) ./elf/../sysdeps/x86/dl-cacheinfo.h
+28 1
+2 1
fe=(14)
-32 1
fi=(17)
+46 2
840 1
+32 1
-32 17
+31 2
+25 2
+21 2
-21 2
+13 3
+8 1
-8 1
+8 1
cfi=(9)
cfn=(48)
calls=1 403 
* 21
* 1
+2 2
+3 4
cfi=(9)
cfn=(48)
calls=1 403 
* 21
* 1
+2 2
+3 4
cfi=(9)
cfn=(48)
calls=1 403 
* 21
* 1
+2 2
+3 4
cfi=(9)
cfn=(48)
calls=1 403 
* 21
* 1
+1 2
+6 4
cfi=(9)
cfn=(48)
calls=1 403 
* 21
+3 3
-3 1
+3 4
-3 1
+3 2
cfi=(9)
cfn=(50) __GI___tunable_set_val
calls=1 158 
* 57
+1 9
cfi=(9)
cfn=(50)
calls=1 158 
* 57
+1 9
cfi=(9)
cfn=(50)
calls=1 158 
* 57
+2 8
cfi=(9)
cfn=(50)
calls=1 158 
* 57
+2 9
cfi=(9)
cfn=(50)
calls=1 158 
* 57
+4 1
fe=(14)
683 3
fi=(17)
955 1
-3 1
+1 1
+3 1
-3 1
+1 2
+3 2
fe=(14)
683 1
cfi=(9)
cfn=(48)
calls=1 403 
* 19
+4 3
+14 1
-1 2
+1 3
+47 1
-1 1
+1 1
+46 4
cfi=(9)
cfn=(48)
calls=1 403 
* 19
+2 4
cfi=(9)
cfn=(48)
calls=1 403 
* 19
fi=(19) ./elf/../sysdeps/unix/sysv/linux/x86/cpu-features.c
27 6
fe=(14)
806 2
+45 8
fi=(17)
+28 11
fe=(14)
752 3
+27 2
-10 2
+1 2
+2 3
+1 2
+2 3
+1 2
fi=(17)
-52 2
cfn=(40) handle_intel.constprop.0
calls=1 255 
* 437
+1 1
-1 1
+1 1
cfn=(40)
calls=1 255 
* 478
+1 1
-1 1
+1 1
cfn=(40)
calls=1 255 
* 503
+3 1
-3 1
+3 1
cfn=(40)
calls=1 255 
* 459
+2 1
-2 1
+2 1
cfn=(40)
calls=1 255 
* 451
+3 1
-2 1
-1 1
+3 1
cfn=(40)
calls=1 255 
* 428
+2 1
-2 1
+2 1
cfn=(40)
calls=1 255 
* 429
+3 1
-2 1
-1 1
+3 1
cfn=(40)
calls=1 255 
* 469
+2 1
-2 1
+2 1
cfn=(40)
calls=1 255 
* 470
+3 1
-2 1
-1 1
+3 1
cfn=(40)
calls=1 255 
* 494
+2 1
-2 1
+2 1
cfn=(40)
calls=1 255 
* 495
+2 1
-2 1
+2 1
cfn=(40)
calls=1 255 
* 790
+2 3
-2 1
+2 1
cfn=(46) get_common_cache_info
calls=1 483 
* 216
863 8
+41 2
fe=(14)
424 6
cfn=(30) get_common_indices.constprop.0
calls=1 -99 
* 71
303 4
+1 2
+1 6
+5 2
+1 6
+5 2
+1 6
429 1
cfn=(34)
calls=1 43 
* 180
+2 3
538 1
-2 2
+24 2
677 1
422 2
-3 1
546 1
-4 2
+4 2
+8 2
+2 3
433 2
+1 1
-1 1
+7 1
+77 1
-83 6
+55 2
+14 1
+10 5
+14 1
+1 1

fn=(30)
325 1
+4 4
+3 3
+5 2
-5 1
+5 1
-5 1
+4 1
+1 1
+1 4
+1 4
+1 3
+1 2
+7 2
+2 5
+5 1
-5 1
+5 1
-5 1
+5 1
-5 2
+5 1
+7 1
-7 4
+7 1
+1 3
+6 1
-6 4
+6 1
fi=(15) ./elf/../sysdeps/unix/sysv/linux/x86/dl-minsigstacksize.h
24 2
+3 2
+1 2
+37 3
+7 1
+2 1
fe=(14)
384 2

fl=(70)
fn=(242) _dl_check_map_versions
156 32
+15 4
-15 8
+15 8
+2 12
+2 4
+1 4
-1 4
+1 4
+2 8
+3 4
-16 2
-8 2
+28 2
-4 2
+4 6
+16 2
37 4
201 2
37 10
+1 5
-1 10
+2 21
cfi=(49)
cfn=(166)
calls=7 340 
* 770
* 14
209 6
+5 2
-71 4
+71 4
-71 6
+79 2
-2 2
-2 4
+4 2
-4 12
+4 4
-2 4
-2 8
+4 4
-4 39
57 6
+8 9
-8 6
+8 9
+6 18
+16 6
+1 12
+2 6
+5 60
+14 110
+12 147
+4 49
-30 98
225 24
+3 18
+5 4
-11 4
111 6
+3 24
cfi=(29)
cfn=(86)
calls=6 -3 
* 241
* 32
237 8
+14 4
+3 6
+3 12
+3 8
+4 4
-7 8
+3 6
+4 74
-7 148
+3 113
+8 6
+6 3
fi=(25)
44 3
fe=(70)
274 3
fi=(25)
44 3
cfi=(6)
cfn=(68)
calls=3 171 
* 102
fe=(70)
273 3
fi=(25)
44 3
fe=(70)
275 6
+13 3
-3 3
+3 6
+2 9
+3 8
+4 6
+7 6
+1 6
-1 18
+1 6
+1 6
-2 6
+2 12
+1 18
+3 18
+5 4
-15 4
+2 4
-2 4
+2 4
-2 4
+2 8
-2 2
+2 2
-2 2
+2 2
-2 2
+2 4
+16 6
+39 36
-29 9
+3 8
+4 39
+6 39
+1 39
+1 39
-1 117
+1 39
-1 39
+1 39
+1 39
+3 117
+4 39
-14 82
+10 6
165 2
+86 2
-94 2
+94 3

fn=(240)
362 6
+4 5
-2 2
+4 24
cfn=(242)
calls=4 156 
* 3377
-2 4
+2 12
-1 4
-1 8
+5 7

fl=(12) ./elf/../sysdeps/unix/sysv/linux/brk.c
fn=(22) brk
35 1
+1 3
+1 2
+6 1
+1 1

fl=(21) ./elf/../misc/sbrk.c
fn=(58) sbrk
37 5
+3 1
+18 2
+4 2
+16 5

fl=(17)
fn=(40)
255 24
-5 24
+16 12
-16 72
+13 12
+1 36
-3 24
+11 60
+5 24
+2 12
+1 12
-1 12
+5 48
cfn=(42) intel_check_word.constprop.0
calls=12 123 
* 3876
+2 24
+3 60
cfn=(42)
calls=12 123 
* 1156
+2 24
+3 5
cfn=(42)
calls=1 123 
* 20
+2 2
+3 5
cfn=(42)
calls=1 123 
* 255
+2 2
-35 3
+39 3
+5 96

fn=(42)
123 78
-4 78
+10 104
-10 26
+10 52
+2 52
+71 200
-71 102
+2 63
+2 126
+8 126
+51 102
+22 51
fi=(18) ./elf/../bits/stdlib-bsearch.h
28 51
-1 102
+4 102
+1 51
fe=(17)
+78 102
fi=(18)
-79 76
+1 38
fe=(17)
+78 76
+3 345
fi=(18)
-84 820
+2 512
+1 256
fe=(17)
+78 512
+15 15
246 104
fi=(18)
37 63
-8 151
fe=(17)
155 36
+3 36
-6 54
+3 14
+9 14
+23 19
-32 57
+3 57
+4 50
+2 100
+2 50
+2 36
+4 11
+2 22
+6 14
+3 8
+1 12
-8 4
+2 4
-1 4
-1 4
+2 8
-2 4
+3 12
-2 12
+2 8
-10 24
+1 10
+11 12
-26 4
+9 4
+23 2
-32 6
+3 6
+4 8
+2 16
+2 8
-11 3
+7 6
+2 12

fn=(46)
483 9
+16 1
+1 1
+10 4
+11 1
-16 1
+21 2
-29 1
-1 1
+11 1
-10 1
+1 1
-2 1
+2 1
+9 1
+23 2
681 4
+1 5
+4 2
+9 2
-2 1
+1 1
+1 5
535 3
+3 11
+7 2
-7 9
+7 6
+3 26
+14 2
+4 1
+3 1
+1 1
-4 2
+3 3
+6 2
-37 6
+15 2
+4 1
+1 1
-1 2
+18 2
-68 6
+74 4
+8 6
+2 2
+4 3
+2 1
+2 5
-4 1
+16 1
-16 3
+21 2
-21 4
+3 1
+1 4
-4 1
+6 4
+3 2
+5 1
+2 2
+1 1
+1 1
-2 2
+1 1
-19 5
+46 2
+1 1
+1 2
+2 2
-1 1
+22 2
-45 2
+7 1
+2 2
-16 1
+22 1
-6 2
+1 1
+5 1

fl=(54)
fn=(182)
149 24
-62 24
+77 28
+1 4
-2 16
+1 16

fl=(69)
fn=(234)
28 26
+2 4
+4 36
+1 10
cfi=(41)
cfn=(128)
calls=2 +70 
* 32
* 4
-2 22
+6 4
+3 2
-3 4
+1 6
+2 2
-3 8
+3 4
-3 8
+1 12
+2 4
+12 24
+2 12
+1 8
-1 6
+1 4
+33 12
-36 24
+61 18
-50 10
+57 16
-63 18
+1 12
+58 36
cfi=(41)
cfn=(128)
calls=4 -13 
* 68
* 16
-28 9
-44 12

fl=(8)
fn=(436)
267 1
+1 1

fn=(14)
88 9
+25 1
-1 1
+1 199
+11 1
-8 1
+1 1
-4 1
+3 1
+6 1
+2 9
-34 2
+34 1
-35 1
+35 18
+1 110
-1 72
+62 1
-62 1
+63 1
-1 1
-62 3
+34 1
-34 2
+35 1
-35 2
+46 1
-46 1
+47 1
-1 1
-46 3
+40 1
-40 1
+41 1
-1 1
-40 3
+37 1
-37 2
+38 1
-38 3
+13 1
-13 2
+14 1
-14 2
+10 1
-10 2
+11 1
-11 2
+7 1
-7 4
+4 1
-4 4
232 1
cfi=(9)
cfn=(16) __GI___tunables_init
calls=1 +48 
* 31362
fi=(11)
36 2
cfi=(12)
cfn=(22)
calls=1 -1 
* 8
fi=(5)
223 1
cfi=(13)
cfn=(26) _dl_x86_init_cpu_features
calls=1 36 
* 7177
fe=(8)
+20 3
+1 1
cfi=(20)
cfn=(56)
calls=1 41 
* 17
* 1
+2 2
cfi=(21)
cfn=(58)
calls=1 37 
* 15
* 3
+12 3
+3 5
cfi=(2)
cfn=(60)
calls=1 1111 
* 110571
+2 9

fl=(24)
fn=(78)
31 9
+2 3
-2 9
+2 3
cfi=(22)
cfn=(80)
calls=3 +4 
* 9
+2 23
+3 20
+2 2
+2 2
+4 2
+4 2
-4 4
+1 4
+1 4
+3 6
-1 2
cfi=(22)
cfn=(80)
calls=2 -13 
* 6
-4 1
+4 1
-4 2
+1 2
+1 2
+3 3
-1 1
cfi=(22)
cfn=(80)
calls=1 -13 
* 3
-5 2

fn=(66)
59 33
+3 3
-3 6
+3 6
+15 2
+3 6
cfi=(20)
cfn=(56)
calls=2 -39 
* 52
+4 2
-4 4
+4 2
+5 4
fi=(25)
-45 6
cfi=(6)
cfn=(68)
calls=2 171 
* 68
fe=(24)
+45 1
fi=(25)
-45 3
cfi=(6)
cfn=(68)
calls=1 171 
* 41
* 3
fe=(24)
+48 6
+4 3
+5 3
-6 3
+6 3
-5 3
+5 3
-5 3
+4 3
+1 3
-1 3
+1 6
cfi=(26)
cfn=(76)
calls=3 +92 
* 44
* 3
+15 3
-15 3
+2 3
+13 14
+6 1
+2 7
+3 2
-3 14
+3 4
+2 3
+4 3
+3 14
+2 1
-2 3
+2 15
-2 45
+16 3
-6 3
+1 3
+5 6
-6 3
+6 9
+2 4
+3 4
-3 4
+7 8
+4 4
+8 2
+13 1
-10 2
+10 5
-10 4
+10 6
+2 2
cfi=(20)
cfn=(56)
calls=2 41 
* 70
+21 2
-21 6
+17 2
-13 6
+50 6
cfi=(26)
cfn=(124)
calls=2 -62 
* 34
* 2
+5 4
+1 4
-1 80
+1 80
+2 4
+3 2
+3 2
+4 27
128 6
+22 1
+7 4
+8 8
fi=(25)
56 4
cfi=(6)
cfn=(72)
calls=2 +72 
* 89
* 2
fe=(24)
197 8
64 2
+1 6
+9 1
-5 2

fl=(23)
fn=(64)
28 3
+1 3
+3 71
+13 61
-13 122
+2 126
+1 40
+5 2
-3 2
+3 2
+2 2
+7 1

fl=(50)
fn=(170)
34 12
+3 12
-3 36
+3 72
+8 84
+2 3
-2 27
+2 9

fl=(9)
fn=(16)
280 9
-9 9
72 320
+6 63
-3 126
+3 5516
+4 126
+5 126
fi=(10) ./elf/dl-tunables.h
+53 63
fe=(9)
-53 252
fi=(10)
+54 26
-1 91
+1 26
-1 63
+1 126
fe=(9)
321 252
-18 8064
+6 12915
fi=(10)
140 567
+1 1134
-1 22
+1 1222
-1 110
fe=(9)
355 8
75 126

fn=(48)
403 30
+3 210
+9 30
-9 114
+9 8
+17 150
+2 30
-9 22
+1 22

fn=(50)
158 5
-55 5
+55 5
-55 40
+9 5
+1 5
fi=(202) ./elf/./dl-tunable-types.h
-23 10
fe=(9)
+23 20
+1 40
fi=(10)
+7 10
+1 5
fe=(9)
-5 15
fi=(10)
+14 5
fe=(9)
-11 10
+4 10
+7 10
+1 10
+3 5
+1 10
-1 5
+1 10
-1 15
+1 5
+2 5
+24 5
fi=(10)
-31 15
fe=(9)

fl=(51)
fn=(172)
25 2
+1 8
+1 2

fl=(62)
fn=(438)
537 1
+1 4
-1 1
+3 2
cfi=(66)
cfn=(440)
calls=1 117 
* 6
+1 1
+4 1
+2 2

fn=(210)
416 10
+2 2
+3 3
+74 1
208 1
495 3
+3 3
fi=(64) ./elf/../sysdeps/x86/dl-procinfo.h
39 2
+3 3
cfi=(29)
cfn=(86)
calls=1 +69 
* 66
* 4
fe=(62)
212 3
+16 1
-16 3
cfi=(9)
cfn=(48)
calls=1 403 
* 21
* 2
+16 2
-7 2
+9 2
+1 1
-37 2
+37 1
+4 2
-5 18
+1 9
-37 18
+37 9
+4 18
+4 30
cfn=(218) _dl_cache_libcmp
calls=10 370 
* 756
+1 20
359 9
+3 2
228 4
360 7
228 15
-10 10
+32 2
+3 2
+2 4
cfn=(218)
calls=1 370 
* 74
* 2
-7 2
-30 8
+1 2
-1 4
+96 7
-47 2
+10 2
+1 3
fi=(63) ./elf/../sysdeps/generic/dl-cache.h
125 5
fe=(62)
294 2
+9 2
+3 2
+2 3
+1 2
+5 2
+1 4
+7 2
+21 2
513 2
+12 2
cfi=(20)
cfn=(56)
calls=1 41 
* 35
* 13
+1 1
-1 1
+1 1
-1 1
+1 1
cfi=(26)
cfn=(76)
calls=1 193 
* 11
* 1
+1 1
cfi=(42)
cfn=(136)
calls=1 40 
* 89
+1 8
-3 2
424 4
cfi=(49)
cfn=(212)
calls=1 44 
* 102
* 1
+8 5
+1 8
+3 4
+1 1
-1 3
fi=(63)
194 1
+1 5
fe=(62)
444 1
+1 2

fn=(218)
370 11
+1 11
+32 11
-33 22
+1 24
+2 55
+2 55
-2 110
+20 108
+2 108
-24 44
+32 44
-4 44
+1 44
-29 88
+32 3
-28 2
+8 1
-2 2
+1 2
-1 1
+2 3
+2 1
-3 1
+3 3
+2 2
+9 30

fl=(36)
fn=(106)
29 1
fi=(16)
+2 1
fe=(36)
+7 1
fi=(16)
-7 2
-1 2
fe=(36)
+22 1
fi=(16)
-20 3
+4 1
fe=(36)
+2 1
fi=(16)
-2 2
+3 4
+1 4
+5 1
fe=(36)
-7 1
fi=(16)
+7 3
fe=(36)
-2 1
fi=(16)
+5 2
+1 3
+2 4
fe=(36)

fl=(13)
fn=(408)
42 1
-4 3
+4 2

fn=(26)
36 1
+2 3
+1 1
cfi=(14)
cfn=(28)
calls=1 399 
* 7172

fl=(48)
fn=(160)
30 3
+2 3
+9 3
+1 6
+1 3
+4 3
+1 3
+1 3
+1 3
+1 3
+2 6
+2 3
+1 3
+1 3
+2 6
+2 3
+8 3
+3 3
+1 3
+7 3
+1 3

fl=(123)
fn=(404)
30 2
+10 3
-10 1
+10 1
-10 1
+7 1
+3 2
cfi=(124)
cfn=(406)
calls=1 +34 
* 176
+4 2
+1 8
+2 2
-2 1
+2 4
cfi=(124)
cfn=(406)
calls=1 +27 
* 194
+4 2
+1 7
+1 4

fl=(131) ./elf/../sysdeps/x86_64/dl-trampoline.h
fn=(428) _dl_runtime_resolve_xsave
67 1
+5 1
+3 1
+2 1
+10 1
+6 1
+1 1
+1 1
+1 1
+1 1
+1 1
+1 1
+4 1
+1 1
+3 1
+1 1
+2 1
+1 1
+1 1
+1 1
+1 1
+1 1
+2 1
+7 1
+1 1
+1 1
cfi=(132)
cfn=(430)
calls=1 -66 
* 754
+1 1
+5 1
+1 1
+1 1
+2 1
+1 1
+1 1
+1 1
+1 1
+1 1
+1 1
+2 1
+2 1
+4 1
+3 1

fl=(7)
fn=(12)
955 4
+3 12
+2 4
+2 8
+2 4
-1 4
+3 12
+1 4
+4 4
-3 4
+7 4
-7 4
+3 4
-1 4
+3 4
+2 4
-7 4
+7 4
+5 4

fn=(266) do_lookup_x
362 742
+1 106
-1 636
+18 106
+30 106
+35 106
-76 106
+41 106
+35 212
-65 106
+30 106
-30 106
+65 212
-51 999
+4 333
+4 333
-3 333
+3 666
+1 999
+3 333
+1 666
+7 333
-3 666
-2 333
+5 1332
+3 2331
565 702
373 666
+3 666
+4 666
+4 666
+4 666
+88 198
fi=(73)
130 297
fe=(7)
527 198
+3 752
+16 495
+2 198
421 416
-1 208
+2 208
+2 104
+6 312
-6 104
+6 936
+7 438
-10 1225
+3 101
-1 202
+1 202
-1 101
+2 202
-1 1212
cfn=(268) check_match
calls=101 69 
* 9972
+4 303
+3 4
568 7
+1 848
-35 30
-66 10
170 723

fn=(264)
835 1060
576 106
835 424
576 318
-1 212
+2 212
-1 106
+1 318
-1 318
+1 2558
-1 1279
+1 3837
-1 3837
+2 106
841 106
-4 106
+1 106
+7 106
-8 106
+1 106
+7 300
+3 106
+2 212
-2 106
-1 106
+7 212
-7 530
+7 35
+1 1484
cfn=(266)
calls=106 362 
* 36451
* 318
+28 106
-23 106
+23 106
-23 106
+24 578
+40 99
-40 99
+40 396
+14 297
+3 297
+5 198
+2 954
-86 42
+17 7
+1 14
+59 2

fn=(268)
69 404
+3 101
-3 808
+3 202
+13 396
-13 396
+13 198
+3 346
cfi=(29)
cfn=(86)
calls=37 +23 
* 1885
* 74
+4 99
+1 198
+2 194
+19 194
+1 776
+39 99
+7 594
-18 4
+2 4
+1 2
-1 4
+1 6
-1 4
+16 12
-45 291
cfi=(29)
cfn=(86)
calls=97 -5 
* 2475
* 194
-44 8
+82 4

ob=(2)
fl=(46)
fn=(422) 0x0000000004879620
0 36
cob=(1)
cfi=(9)
cfn=(48)
calls=17 403 
0 350
cob=(1)
cfi=(131)
cfn=(428)
calls=1 67 
0 815
0 5

fn=(448)
0 7

fn=(462) 0x00000000048795c0
0 2
cob=(3)
cfi=(138) ./string/../sysdeps/x86_64/multiarch/strrchr-avx2.S
cfn=(464) __strrchr_avx2
calls=1 46 
0 34

fn=(554) 0x0000000000109230
0 4
cob=(3)
cfi=(162) ./libio/fseek.c
cfn=(556) fseek
calls=2 32 
0 798

fn=(576) 0x0000000004879350
0 12
cob=(3)
cfi=(149) ./malloc/malloc.c
cfn=(578) free
calls=6 3239 
0 497

fn=(598) 0x0000000000109200
0 102
cob=(3)
cfi=(149)
cfn=(600) calloc
calls=51 3511 
0 266436

fn=(686) 0x00000000048795f0
0 56
cob=(3)
cfi=(180) ./string/../sysdeps/x86_64/multiarch/memmove-vec-unaligned-erms.S
cfn=(688) __memcpy_avx_unaligned_erms
calls=28 292 
0 303864

fn=(156)
0 6
cob=(1)
cfi=(47)
cfn=(158)
calls=3 175 
0 9610

fn=(498) 0x0000000000109250
0 4
cob=(3)
cfi=(148) ./libio/iofopen.c
cfn=(500) fopen@@GLIBC_2.2.5
calls=2 85 
0 2492

fn=(812)
0 4

fn=(546) 0x00000000048795d0
0 4
cob=(3)
cfi=(160) ./string/../sysdeps/x86_64/multiarch/strchr-avx2.S
cfn=(548) __strchr_avx2
calls=2 51 
0 42

fn=(592) 0x0000000000109220
0 2
cob=(3)
cfi=(170) ./libio/ioftell.c
cfn=(594) ftell
calls=1 34 
0 117

fn=(604) 0x0000000000109270
0 394470
cob=(3)
cfi=(172) ./libio/getc.c
cfn=(606) getc
calls=197235 34 
0 3554360

fn=(616) 0x0000000000109190
0 4
cob=(3)
cfi=(173) ./libio/ferror.c
cfn=(618) ferror
calls=2 32 
0 16

fn=(674) 0x00000000001091f0
0 169383518
cob=(3)
cfi=(179) ./string/../sysdeps/x86_64/multiarch/memcmp-avx2-movbe.S
cfn=(676) __memcmp_avx2_movbe
calls=84691759 71 
0 1871124879

fn=(696) 0x00000000001091c0
0 128132
cob=(3)
cfi=(160)
cfn=(548)
calls=64066 51 
0 1346436

fn=(712) 0x00000000048794b0
0 408
cob=(3)
cfi=(160)
cfn=(714) __strchrnul_avx2
calls=204 51 
0 3876

fn=(728) 0x00000000048793c0
0 430
cob=(3)
cfi=(180)
cfn=(730) __mempcpy_avx_unaligned_erms
calls=215 279 
0 3932

fn=(738) 0x0000000000109160
0 102
cob=(3)
cfi=(149)
cfn=(578)
calls=51 3239 
0 9206

fn=(794)
0 4

fn=(680) 0x0000000000109240
0 60
cob=(3)
cfi=(149)
cfn=(682) realloc
calls=30 3287 
0 320315

fn=(752) 0x0000000000109170
0 2
cob=(3)
cfi=(188) ./libio/putchar.c
cfn=(754) putchar
calls=1 25 
0 312

fn=(502) 0x0000000004879360
0 10
cob=(3)
cfi=(149)
cfn=(504) malloc
calls=5 3174 
0 2260

fn=(620) 0x00000000001091a0
0 4
cob=(3)
cfi=(174) ./libio/iofclose.c
cfn=(622) fclose@@GLIBC_2.2.5
calls=2 34 
0 1248

fn=(802)
0 2
cob=(3)
cfi=(194) ./stdlib/cxa_finalize.c
cfn=(780) __cxa_finalize
calls=1 30 
0 72

fn=(478) 0x0000000000109000
0 7

fn=(662) 0x00000000001091e0
0 712
cob=(3)
cfi=(177) ./string/../sysdeps/x86_64/multiarch/memset-vec-unaligned-erms.S
cfn=(650) __memset_avx2_unaligned_erms
calls=356 161 
0 3998876

fn=(706) 0x0000000000109210
0 204
cob=(3)
cfi=(181) ./stdio-common/fprintf.c
cfn=(708) fprintf
calls=102 27 
0 64811

fn=(732) 0x0000000000109260
0 12
cob=(3)
cfi=(185) ./libio/iofwrite.c
cfn=(734) fwrite
calls=6 31 
0 846

fn=(778) 0x0000000000109150
0 2
cob=(3)
cfi=(194)
cfn=(780)
calls=1 30 
0 72

fn=(152)
0 2
cob=(1)
cfi=(47)
cfn=(154)
calls=1 225 
0 2744

fn=(648) 0x0000000004879640
0 100
cob=(3)
cfi=(177)
cfn=(650)
calls=50 161 
0 255351

ob=(3)
fl=(149)
fn=(504)
3174 30
+7 10
1344 8
+19 20
3193 20
+3 8
+10 9
+28 15
1363 5
3191 15
-63 4
cfn=(514) tcache_init.part.0
calls=1 -6 
* 466
+68 2
+1 4
+1 9
3080 4
+1 4
+2 2
+1 2
-1 6
+1 2
+1 2
3234 10
-26 9
cfn=(516) _int_malloc
calls=3 1344 
* 598
+1 21
fi=(150) ./malloc/arena.c
283 1
cfn=(508) ptmalloc_init.part.0
calls=1 -2 
* 972
fe=(149)
1344 2

fn=(514)
3122 3
+9 8
+1 3
cfn=(516)
calls=1 1344 
* 349
* 1
+1 2
+8 4
+7 2
+2 1
+1 2
-1 1
+1 86
+3 4

fn=(600)
3511 102
+10 51
-10 204
+10 408
+8 102
+3 153
+2 153
+32 153
cfn=(516)
calls=51 1344 
* 7381
+2 505
+3 153
+14 102
+11 51
+5 51
-2 102
+3 1
-1 2
+48 6
-53 50
+12 100
-20 50
+20 200
+11 50
+2 100
+2 100
-79 51
+1 153
+7 51
+97 50
-25 100
+25 200
-25 50
cob=(2)
cfi=(46)
cfn=(648)
calls=50 0 
* 255451

fn=(684) _int_realloc
4705 240
+11 120
+1 120
+6 90
+2 60
+1 90
+2 120
+3 60
+67 1
+4 1
-4 1
+2 2
+19 1
+1 270
-79 60
+12 58
+12 84
cfn=(516)
calls=28 1344 
* 8356
* 28
+1 56
+3 28
+6 56
+8 28
+3 28
-4 28
+4 28
-3 168
+3 28
cob=(2)
cfi=(46)
cfn=(686)
calls=28 0 
* 303920
+1 112
cfn=(636) _int_free
calls=28 4308 
* 3653
+2 56
+21 1
-3 1
+3 3
+1 1
+4 2
-5 2
+1 1
+3 1
+1 1
cfn=(636)
calls=1 4308 
* 64
* 1
-60 2
-1 4
+5 3
cfn=(690) unlink_chunk.constprop.0
calls=1 1627 
* 31
* 5
-17 1
+1 1
-2 2
+4 2
+4 1
-4 5
+1 1
-1 2
+2 2
-1 1
+1 2
+2 1

fn=(518) sysmalloc
2389 48
+20 12
+11 12
+1 28
fi=(150)
528 15
fe=(149)
2436 20
+69 5
+1 15
+1 5
+9 40
+6 15
+3 15
2833 10
+1 5
+5 10
+3 10
+5 10
-2 5
-1 5
+3 10
-1 5
+1 5
+1 5
+2 5
-3 10
+1 5
+8 54
2422 3
+14 4
+6 2
+22 3
+16 1
-1 1
+1 2
+5 3
+1 5
+3 3
+1 5
+26 10
-80 5
+80 10
-80 15
2588 10
+11 5
+8 15
+2 20
cfi=(152) ./malloc/morecore.c
cfn=(520) __glibc_morecore
calls=5 27 
* 229
* 5
+1 5
+3 20
+45 20
2509 8
2659 1
+1 3
+6 2
-6 12
+6 16
+1 4
2838 4
2667 12
2788 1
-1 1
+1 3
+1 1
+11 2
2669 4
+40 3
+22 1
+1 1
-1 1
+1 5
+2 2
+1 2
cfi=(152)
cfn=(520)
calls=1 27 
* 28
* 1
+12 2
+42 7
2444 7
cfi=(171) ./misc/../sysdeps/unix/sysv/linux/mmap64.c
cfn=(602) mmap
calls=1 48 
* 20
+3 2

fn=(578)
3239 57
+4 114
-4 55
+14 55
-14 110
+12 55
+4 55
-4 55
+4 110
+17 162
+5 162
+1 108
cfn=(636)
calls=54 4308 
* 8280
+3 54
+1 216
-23 3
+2 4
+2 1
+1 1
-1 1
+1 1
+1 1
+3 2
cfn=(748) munmap_chunk
calls=1 2933 
* 34
+13 1
+1 6

fn=(516)
1344 166
3658 83
1363 83
3658 664
1363 166
3791 3
+2 3
-2 3
+2 6
1363 166
3698 166
4284 166
3725 166
+63 166
+62 2853
+1 240
4286 6
3790 3
4286 39
3870 3
+1 3
-1 6
-1 6
+2 6
-1 80
+1 80
-1 160
-1 160
+2 160
-2 246
+6 82
+6 82
+67 164
-67 246
-6 1
+6 1
+67 2
-67 3
4045 28
-91 28
3070 28
4045 56
-91 28
-74 28
3068 28
3954 28
3068 56
3912 56
3070 56
3884 56
+1 28
+2 56
-3 16
+1 8
+2 16
+1 108
+2 36
+1 144
+2 144
-10 36
+12 72
+1 72
+2 72
+11 72
+31 36
+1 36
+4 72
+29 62
+2 4
+1 6
+1 2
-1 2
+57 2
+2 4
-2 4
+2 2
+7 2
-9 6
+9 2
-7 2
+1 2
+1 2
+6 4
-10 29
+2 58
-2 58
+2 29
+7 29
-9 87
+9 29
-7 29
+1 29
+1 29
+6 58
1997 15
4300 747
3947 5
+1 5
-1 5
+1 10
+5 5
-21 5
+21 5
1997 10
3982 400
+1 87
+1 29
-1 29
+4 58
+5 1
-2 2
+2 3
+1 2
+60 93
3881 116
4070 156
+2 225
+3 75
-3 75
+3 150
+1 10
+67 146
+1 73
+1 73
-1 73
+1 73
+1 146
+1 219
+5 200
+16 66
+2 132
-4 170
+8 19
+3 38
+2 8
+1 8
+1 8
-2 32
-27 8
3850 16
4031 140
4156 186
+3 16
-3 12
+3 12
-3 6
+3 6
+97 62
+1 124
+2 124
+3 192
+17 18
3791 9
4005 5
+1 2
+6 1
+7 1
-1 1
+1 1
+1 3
+2 1
+1 3
+2 1
+1 2
4186 33
+3 22
+2 11
+3 22
-3 11
+3 22
cfn=(690)
calls=11 1627 
* 341
+3 44
+15 11
-5 11
+6 22
+3 44
+1 11
+1 11
+3 22
+2 22
+2 22
+3 88
+2 33
+1 11
1997 11
4234 11
1997 22
4294 24
cfn=(518)
calls=6 2389 
* 941
* 6
+1 12
1997 18
4079 10
+1 30
+6 10
+5 5
+1 15
cfn=(690)
calls=5 1627 
* 155
-1 5
+4 15
+13 3
-4 3
+5 6
+3 12
+1 3
+1 3
+1 6
+2 2
+3 8
+2 3
+1 1
1997 1
4126 1
1997 2
4120 16
+2 6
+1 2
1997 2
4126 2
1997 6
4126 2
1997 4
4264 56
+1 56
+7 56
-8 56
+3 56
-1 56
+1 112
+2 56
-2 280
1997 56
4269 56
1997 112
4098 2
-1 2
+1 4

fn=(636)
4308 664
+10 83
-10 249
+10 166
+6 415
+1 166
+4 332
+8 415
-1 166
+1 166
+29 5
-20 5
-6 5
+6 10
+20 20
+14 156
4589 913
4456 156
+3 78
+3 334
+7 78
-4 78
+4 156
+3 156
+5 234
+3 156
+1 156
+1 156
2004 234
4488 156
+1 58
+2 58
-1 58
+2 232
+2 116
cfn=(690)
calls=58 1627 
* 1322
+3 156
+5 150
+4 68
+9 68
-1 68
+2 136
-1 7
-1 7
+2 14
+2 300
+2 150
+5 75
+1 75
+2 225
+1 75
+30 156
+20 234
3068 5
+4 5
-4 5
+2 20
+1 5
+1 5
4369 5
4522 225
+38 105
+3 105
-23 3
+1 9
+1 6
-39 7
+1 7
-1 7
cfn=(690)
calls=7 1627 
* 157
+1 7
-30 234
-2 156
+93 175
+2 52
cfn=(638) systrim.constprop.0
calls=26 2880 
* 794
* 26

fn=(682)
3287 300
+6 60
+4 60
+7 60
+11 30
-2 30
+5 30
-3 60
+2 60
+4 90
+1 90
+7 120
+1 60
1344 60
+19 30
3339 30
1363 150
3339 60
+31 90
+2 150
cfn=(684)
calls=30 4705 
* 318095
* 30
+1 300
+29 270

fn=(690)
1627 82
+2 410
+3 82
+1 82
+2 328
+3 82
+1 82
+1 404
+2 58
+1 87
+3 58
+14 29
+1 58
+3 164

fn=(748)
2933 1
+2 1
-1 1
+1 1
-1 1
+1 1
+2 2
+3 2
+1 1
+6 1
-8 1
+8 1
+1 1
-1 2
+1 4
+3 1
+1 3
+5 1
+1 1
-1 1
cfi=(187) ./misc/../sysdeps/unix/syscall-template.S
cfn=(750) munmap
calls=1 117 
* 6

fn=(638)
2880 26
-11 78
+11 52
+2 26
+1 52
-4 26
+8 78
+2 78
-5 24
+45 104
-33 4
cfi=(152)
cfn=(520)
calls=2 27 
* 56
* 2
+1 8
+12 6
cfi=(152)
cfn=(520)
calls=2 27 
* 90
+1 4
cfi=(152)
cfn=(520)
calls=2 27 
* 56
+2 2
+2 4
+4 4
+4 4
-1 2
+1 4
+2 4

fl=(83)
fn=(290)
29 1
fi=(80) ./wcsmbs/../sysdeps/x86_64/multiarch/ifunc-wcslen.h
+5 4
-1 2
+2 3
+2 2
+4 3
+3 3
fe=(83)
-15 1

fl=(107)
fn=(350)
31 1
fi=(76) ./string/../sysdeps/x86_64/multiarch/ifunc-avx2.h
+2 5
-1 2
+2 3
+2 2
+4 3
+3 4
fe=(107)
-12 1

fl=(100)
fn=(332)
29 1
fi=(93) ./string/../sysdeps/x86_64/multiarch/ifunc-strcpy.h
+7 2
+1 1
-1 2
+1 2
+2 2
+4 3
+3 3
fe=(100)
-17 1

fl=(160)
fn=(548)
51 64068
+2 64068
+1 64068
+1 64068
+1 64068
+1 64068
+3 64068
+1 64068
+4 63818
+1 63818
+1 63818
+1 63818
+1 63818
+1 63818
+1 63818
+1 63814
+3 63814
+1 63814
+2 63812
+1 127624
+20 2
+1 4
+6 2
+1 2
+3 2
+1 2
+2 2
+1 4
+4 2
+1 2
+3 2
+1 2
+2 2
+1 4
+19 4
+4 4
+1 4
+1 4
+1 4
+1 4
+1 4
+1 4
+2 2
+1 2
+1 2
+1 2
+1 2
+1 2
+1 2
276 250
+2 250
+1 250
+1 250
+1 250
+1 250
+1 250
+3 250
+1 250
+1 250
+1 250
+2 250
+2 250
+1 250
+1 250
+5 500

fn=(714)
51 204
+2 204
+1 204
+1 204
+1 204
+1 204
+3 204
+1 204
+4 204
+1 204
+1 204
+1 204
+1 204
+1 204
+1 204
+1 204
+6 204
+1 408

fl=(153) ./misc/sbrk.c
fn=(522) sbrk
37 12
+6 12
-6 48
+6 12
+20 5
+15 60
-38 24
+18 24
+1 2
cfi=(154) ./misc/../sysdeps/unix/sysv/linux/brk.c
cfn=(524) brk
calls=1 -24 
* 9
* 2
+6 1
-3 24
+4 22
+2 4
-2 6
+8 2
cfi=(154)
cfn=(524)
calls=2 -39 
* 18
* 5
cfi=(154)
cfn=(524)
calls=5 -39 
* 45
* 14

fl=(91)
fn=(312)
30 1
fi=(87) ./wcsmbs/../sysdeps/x86_64/multiarch/ifunc-avx2.h
+3 5
-1 2
+2 3
+2 2
+4 3
+3 4
fe=(91)
-13 1

fl=(179)
fn=(676)
71 84691759
+7 84691759
+1 84691759
+75 84551503
+10 84551503
+1 84551503
+1 84551503
+3 169103006
399 84691759
+1 84691759
+5 84691759
+1 84691759
+1 84691759
+1 84691759
+1 84691759
+3 76438040
+1 76438040
+1 76438040
+1 76438040
+3 76438040
+1 76438040
+1 125610
+1 251220
+6 8253719
+1 8253719
+62 8253719
+1 8253719
+1 8253719
+1 8253719
+1 8253719
+4 14646
+1 14646
+1 14646
+1 14646
+1 14646
+1 14646
+1 14646
+2 14646

fl=(189) ./stdlib/exit.c
fn=(762) __run_exit_handlers
40 11
+5 2
+3 5
+50 1
-42 1
+2 3
+8 6
+2 1
+3 1
-3 1
+3 6
+34 1
+1 1
+1 1
-2 1
+7 1
-3 2
+3 3
+1 3
cob=(1)
cfi=(191)
cfn=(766)
calls=1 -82 
* 804
+1 4
+10 2
+1 2
-63 1
+69 4
+2 2
+1 6
cfi=(155) ./libio/genops.c
cfn=(814) _IO_cleanup
calls=1 863 
* 507
* 3
+2 2
cfi=(197) ./posix/../sysdeps/unix/sysv/linux/_exit.c
cfn=(828) _Exit
calls=1 27 
* 5
-90 1
cfi=(190) ./stdlib/cxa_thread_atexit_impl.c
cfn=(764) __call_tls_dtors
calls=1 149 
* 12
* 1

fn=(760) exit
142 3
+1 3
-1 1
+1 1
cfn=(762)
calls=1 40 
* 1407

fl=(77)
fn=(278)
29 1
fi=(203) ./string/../sysdeps/x86_64/multiarch/ifunc-sse4_2.h
+1 5
fe=(77)
-1 1

fl=(142) ./stdlib/cxa_atexit.c
fn=(476) __new_exitfn
82 1
+6 2
-6 4
+11 4
-10 2
+12 4
-2 1
+10 1
-10 3
+45 1
+5 1
-4 1
+4 4
-18 1
-1 1
+1 1

fn=(474) __cxa_atexit
69 6
-28 2
+2 7
+1 2
cfn=(476)
calls=1 +38 
* 32
+2 2
+10 1
+2 1
-5 1
+3 2
-3 2
+2 1
+4 2
+1 1
-1 2
+12 6

fl=(168) ./io/../sysdeps/unix/sysv/linux/lseek64.c
fn=(584) lseek
28 2
+8 8
+2 2

fl=(101)
fn=(336)
31 1
fi=(204) ./string/../sysdeps/x86_64/multiarch/ifunc-strcasecmp.h
+1 5
fe=(101)
-1 1

fl=(145) ./setjmp/../sysdeps/x86_64/setjmp.S
fn=(492) __sigsetjmp
30 1
+2 1
+9 1
+1 2
+1 1
+4 1
+1 1
+1 1
+1 1
+1 1
+2 2
+2 1
+1 1
+1 1
+2 2
+2 1
+5 1
+1 1
+17 1
cfi=(146) ./setjmp/sigjmp.c
cfn=(494) __sigjmp_save
calls=1 -56 
* 9

fl=(157) ./nptl/libc-cleanup.c
fn=(534) __libc_cleanup_push_defer
25 108
+3 216
+3 432
+1 108
+2 108
+1 108

fn=(536) __libc_cleanup_pop_restore
40 108
+3 216
+2 216
+1 216
+2 108

fl=(86)
fn=(298)
31 2
fi=(87)
+2 10
-1 4
+2 6
+2 4
+4 6
+3 8
fe=(86)
-12 2

fl=(197)
fn=(828)
27 2
+3 1
+1 2

fl=(158) ./io/../sysdeps/unix/sysv/linux/open64.c
fn=(542) open
37 4
+3 2
-3 16
+3 8
+8 20
+2 14
-7 2
+1 1
-1 3
+2 1

fl=(171)
fn=(602)
48 1
+3 2
-3 4
+6 2
+5 6
+2 3
-7 2

fl=(81)
fn=(286)
29 2
fi=(82) ./string/../sysdeps/x86_64/multiarch/ifunc-memset.h
+21 10
+3 6
+7 4
+9 4
+2 4
+10 4
+8 4
+2 10
fe=(81)

fl=(89)
fn=(304)
28 1
fi=(76)
+5 5
-1 2
+2 3
+2 2
+4 3
+3 4
fe=(89)
-15 1

fl=(97)
fn=(326)
31 1
fi=(204)
+1 5
fe=(97)
-1 1

fl=(150)
fn=(508)
281 1
fi=(149)
3049 3
fe=(150)
281 5
+5 1
fi=(149)
3049 2
cfi=(151) ./stdlib/../sysdeps/unix/sysv/linux/getrandom.c
cfn=(510) getrandom
calls=1 28 
* 9
* 2
fe=(150)
311 2
+4 3
fi=(149)
1958 4
+3 2
-3 3
+3 252
-3 378
fe=(150)
320 3
fi=(149)
1969 1
+1 1
+2 1
fe=(150)
320 1
cob=(2)
cfi=(46)
cfn=(422)
calls=1 0 
* 23
+1 4
cob=(2)
cfi=(46)
cfn=(422)
calls=1 0 
* 22
+1 4
cob=(2)
cfi=(46)
cfn=(422)
calls=1 0 
* 23
+1 4
cob=(2)
cfi=(46)
cfn=(422)
calls=1 0 
* 23
+1 4
cob=(2)
cfi=(46)
cfn=(422)
calls=1 0 
* 22
+1 4
cob=(2)
cfi=(46)
cfn=(422)
calls=1 0 
* 23
+1 4
cob=(2)
cfi=(46)
cfn=(422)
calls=1 0 
* 23
+2 4
cob=(2)
cfi=(46)
cfn=(422)
calls=1 0 
* 23
+1 4
cob=(2)
cfi=(46)
cfn=(422)
calls=1 0 
* 23
+1 4
cob=(2)
cfi=(46)
cfn=(422)
calls=1 0 
* 23
+3 4
cob=(2)
cfi=(46)
cfn=(422)
calls=1 0 
* 23
+60 7

fl=(172)
fn=(606)
34 986175
+3 394470
+1 1183332
+5 986123
-5 26
cfi=(155)
cfn=(608) __uflow
calls=26 299 
* 4234

fl=(184) ./stdio-common/_itoa.c
fn=(726) _itoa_word
165 204
+3 408
+2 204
+9 3886
+9 204

fl=(185)
fn=(734)
31 30
+1 6
-1 6
+1 6
-1 12
+4 12
+2 102
+1 18
+1 6
fi=(167) ./libio/libioP.h
940 18
+2 12
+1 12
fe=(185)
39 24
cfi=(156) ./libio/fileops.c
cfn=(716) _IO_file_xsputn@@GLIBC_2.2.5
calls=6 1198 
* 420
+6 6
-6 6
+6 6
fi=(167)
883 12
+1 48
fe=(185)
45 12
+1 6
+3 54
-11 12

fl=(88)
fn=(302)
61 2
-20 4
+1 2
-1 4
-1 4
+2 4
+2 4
+4 6
+3 6
+10 2

fl=(127) ./ctype/ctype-info.c
fn=(414) __ctype_init
29 1
+2 7
+2 4
+2 4
+1 1

fl=(137) ./misc/init-misc.c
fn=(460) __init_misc
30 1
+1 2
-1 4
+1 3
+2 3
cob=(2)
cfi=(46)
cfn=(462)
calls=1 -33 
* 36
+4 5
+1 3
+2 4

fl=(136)
fn=(458)
46 4
+5 2
+4 5
+8 1
-2 1
+10 1
-9 1
+1 1
+9 2
-1 1
cfi=(137)
cfn=(460)
calls=1 -41 
* 61

fl=(162)
fn=(556)
32 18
+3 26
+1 10
cfi=(163) ./libio/ioseekoff.c
cfn=(558) _IO_seekoff_unlocked
calls=2 -3 
* 700
* 8
fi=(167)
883 4
+1 20
fe=(162)
39 12

fl=(164) ./libio/filedoalloc.c
fn=(564) _IO_file_doallocate
78 27
+6 12
fi=(167)
940 9
+2 6
+1 6
fe=(164)
84 9
cfi=(156)
cfn=(566) _IO_file_stat
calls=3 1147 
* 54
* 6
+2 12
+11 12
+4 2
cob=(2)
cfi=(46)
cfn=(502)
calls=1 0 
* 45
* 1
+1 2
+2 12
cfi=(155)
cfn=(572) _IO_setb
calls=3 329 
* 81
+1 3
+1 24
-23 2
+18 4
cob=(2)
cfi=(46)
cfn=(502)
calls=2 0 
* 551
* 2
+1 4
-11 1
fi=(205) ./libio/../include/sys/sysmacros.h
-44 6
fe=(164)
+44 1
-2 2
+5 2

fl=(156)
fn=(586) _IO_file_read
1131 27
+1 27
+2 27
-1 27
+1 54
cfi=(169) ./io/../sysdeps/unix/sysv/linux/read.c
cfn=(588) read
calls=27 25 
* 216

fn=(566)
1147 4
+1 8
cfi=(165) ./io/../sysdeps/unix/sysv/linux/fstat64.c
cfn=(568) fstat
calls=4 29 
* 60

fn=(560) _IO_file_seekoff@@GLIBC_2.2.5
901 36
+8 8
-60 6
+66 6
+2 1
+1 2
+25 6
+23 1
fi=(167)
-26 3
+2 2
+1 2
fe=(156)
+23 3
cfn=(566)
calls=1 1147 
* 18
* 6
+2 2
-53 4
+3 4
+12 4
+3 3
+5 2
cfi=(155)
cfn=(562) _IO_doallocbuf
calls=1 343 
* 307
+2 5
+3 2
+26 1
+7 2
cfi=(155)
cfn=(574) _IO_free_backup_area
calls=1 187 
* 18
* 2
cfi=(155)
cfn=(574)
calls=1 187 
* 18
+5 2
+1 2
-1 6
+1 2
+3 3
-1 1
+2 5
fi=(167)
-44 1
-2 2
fe=(156)
+58 2
fi=(167)
-56 1
-2 2
fe=(156)
+58 2
+4 4
+1 2
-1 4
+2 2
-2 2
+1 2
+1 4
+5 2
fi=(167)
-67 4
+1 4
fe=(156)
+66 6
cfn=(582) _IO_file_seek
calls=2 1140 
* 18
* 2
+1 4
+2 4
+4 1
fi=(167)
-74 2
+1 2
fe=(156)
+73 8
cfn=(586)
calls=1 1131 
* 14
+3 2
+11 2
-3 2
+3 2
+1 1
-4 7
+5 2
-5 2
+3 2
+1 1
-4 7
+5 2
+23 33
847 2
+4 1
-2 2
+2 1
+5 2
1007 2
880 2
+10 3
-10 1
-14 2
+1 4

fn=(530) _IO_new_file_init_internal
107 2
+5 2
-5 4
+4 2
+3 2
cfi=(155)
cfn=(532) _IO_link_in
calls=2 -27 
* 202
+1 2
+1 4

fn=(612) _IO_file_underflow@@GLIBC_2.2.5
462 26
+4 78
-4 208
+7 52
+6 78
+3 52
+12 52
+9 52
fi=(167)
940 26
+2 26
-2 26
fe=(156)
506 52
cfi=(155)
cfn=(614) _IO_switch_to_get_mode
calls=26 164 
* 650
+11 26
-5 52
fi=(167)
942 26
fe=(156)
512 26
fi=(167)
942 26
fe=(156)
512 78
fi=(167)
943 52
fe=(156)
517 104
cfn=(586)
calls=26 1131 
* 364
+2 52
+16 25
-9 25
+9 50
+1 50
+1 50
+1 200
-6 1
-10 5
+11 1
-11 2
+16 8

fn=(740) _IO_file_write@@GLIBC_2.2.5
1174 14
+2 12
+5 2
cfi=(186) ./io/../sysdeps/unix/sysv/linux/write.c
cfn=(742) write
calls=2 25 
* 18
+1 4
+5 2
+1 2
-12 4
+4 6
+1 4
+10 6
+3 12
-4 6

fn=(540) _IO_file_open
183 4
+3 2
-3 14
+2 4
+4 2
cfi=(158)
cfn=(542)
calls=2 37 
* 71
* 2
+1 4
+3 4
+3 2
-4 2
+1 8
+3 4
+10 4
cfi=(155)
cfn=(532)
calls=2 87 
* 44
+1 2
+1 8

fn=(720) _IO_do_write@@GLIBC_2.2.5
424 3
+2 9
+1 1
-3 2
fi=(167)
940 2
fe=(156)
424 4
fi=(167)
940 2
fe=(156)
424 2
fi=(167)
940 4
fe=(156)
424 10
+10 4
+7 8
+8 2
fi=(167)
942 4
+1 4
fe=(156)
449 8
cfn=(740)
calls=2 1174 
* 92
* 2
+1 10
+2 2
+4 2
-4 6
+1 4
+3 5
-2 1
-28 4
+1 8
+27 1
-28 4
+1 8
+28 5

fn=(826) _IO_file_sync@@GLIBC_2.2.5
793 5
+5 4
+2 1
+1 2
+11 2
+4 4

fn=(642) _IO_file_finish@@GLIBC_2.2.5
169 10
+1 4
+7 2
-1 4
+1 4
-1 2
cfi=(155)
cfn=(644) _IO_default_finish
calls=2 601 
* 32

fn=(718) _IO_file_overflow@@GLIBC_2.2.5
732 15
+1 12
+7 11
+37 1
-2 4
+3 2
+3 3
+1 3
+1 4
+4 1
+1 4
-45 4
+12 4
+9 6
+5 8
+2 2
-2 2
+2 2
-2 4
+2 2
+1 2
-3 8
+3 8
+1 1
+2 2
+13 2
-12 2
+1 2
+11 4
-12 2
cfn=(720)
calls=2 424 
* 113
-31 4
cfi=(155)
cfn=(562)
calls=2 343 
* 669
+1 2
+9 2
-9 8

fn=(716)
1198 1248
+7 312
-7 1248
+6 1056
+9 432
-2 864
+17 648
+1 215
+3 215
-3 215
+3 430
+2 215
+2 215
+2 645
-2 215
cob=(2)
cfi=(46)
cfn=(728)
calls=215 0 
* 4362
+1 215
+1 215
-2 215
+4 430
+27 430
+1 2808
-36 1
+12 1
fi=(167)
940 3
+2 2
+1 2
fe=(156)
1244 3
cfn=(718)
calls=1 732 
* 549
* 2
+6 2
+1 7
+2 2
+11 3
+1 4
cfi=(155)
cfn=(722) _IO_default_xsputn
calls=1 371 
* 80
+2 3

fn=(538) _IO_file_fopen@@GLIBC_2.2.5
214 22
+9 4
+2 14
357 24
225 3
+23 12
+33 8
cfn=(540)
calls=2 -98 
* 181
* 2
+3 4
+3 6
cfi=(159) ./string/../string/strstr.c
cfn=(544) __GI_strstr
calls=2 77 
* 114
* 2
+1 4
-40 4
-19 1
-1 1
-13 2

fn=(628) _IO_file_close_it@@GLIBC_2.2.5
129 8
+2 6
+4 4
+3 2
-3 2
-1 4
+6 2
+3 2
-3 2
cfi=(155)
cfn=(630) _IO_unsave_markers
calls=2 960 
* 20
+3 6
fi=(167)
940 6
+2 4
+1 4
fe=(156)
143 4
cfn=(632) _IO_file_close
calls=2 1165 
* 18
* 2
+3 6
+8 10
cfi=(155)
cfn=(572)
calls=2 329 
* 379
+1 2
+3 2
-3 6
+3 2
cfi=(155)
cfn=(624) _IO_un_link
calls=2 53 
* 8
+5 2
-4 2
+1 2
+3 2
-2 2
+3 10
-28 7
cfn=(720)
calls=1 424 
* 110
* 2

fn=(632)
1165 2
+3 4
cfi=(175) ./io/../sysdeps/unix/sysv/linux/close_nocancel.c
cfn=(634) __close_nocancel
calls=2 25 
* 12

fn=(582)
1140 2
+1 4
cfi=(168)
cfn=(584)
calls=2 28 
* 12

fn=(822) _IO_file_setbuf@@GLIBC_2.2.5
382 3
+1 1
cfi=(155)
cfn=(824) _IO_default_setbuf
calls=1 +69 
* 70
* 2
+5 1
+2 2
-2 3
+3 2

fl=(188)
fn=(754)
25 7
+2 13
+1 1
-1 2
+1 6
cfi=(155)
cfn=(756) __overflow
calls=1 199 
* 264
* 1
fi=(167)
883 2
fe=(188)
31 7
fi=(167)
884 9
fe=(188)

fl=(90)
fn=(308)
29 2
fi=(85) ./string/../sysdeps/x86_64/multiarch/ifunc-memmove.h
+24 6
-1 4
+4 6
+14 4
+2 4
+8 4
+8 4
+2 10
fe=(90)

fl=(75)
fn=(274)
31 2
fi=(76)
+2 10
-1 4
+2 6
+2 4
+4 6
+3 8
fe=(75)
-12 2

fl=(138)
fn=(464)
46 1
+1 1
+1 1
+2 1
+1 1
+3 1
+1 1
+1 1
+33 1
+1 1
+1 1
+1 1
+1 1
+1 1
+1 1
+1 1
+1 1
+1 1
+3 1
+1 1
+9 1
+1 1
+98 1
+1 1
+8 1
+1 1
+1 1
+1 1
+1 1
+2 1
+1 1
+1 1
+1 2

fl=(186)
fn=(742)
25 2
+1 14
+1 2

fl=(84)
fn=(294)
29 1
fi=(85)
+24 3
-1 2
+4 3
+14 2
+2 2
+8 2
+8 2
+2 5
fe=(84)

fl=(169)
fn=(588)
25 27
+1 162
+1 27

fl=(193)
fn=(770)
368 1
52 3
+1 2
368 1
58 2
+8 1
-3 1
-23 1
+1 2
+30 1
370 2
41 3
+1 2
+33 2
+6 4
+4 3
+3 3

fl=(120)
fn=(388)
31 1
fi=(116) ./string/../sysdeps/x86_64/multiarch/ifunc-evex.h
+4 5
-1 2
+2 3
+5 2
-3 2
+9 3
+3 4
fe=(120)
-19 1

fl=(170)
fn=(594)
34 5
+3 13
+1 5
cfi=(163)
cfn=(558)
calls=1 -5 
* 72
+1 1
fi=(167)
883 2
fe=(170)
39 2
fi=(167)
884 5
fe=(170)
45 2
+12 4
fi=(167)
883 2
+1 4
fe=(170)

fl=(110)
fn=(360)
29 1
fi=(76)
+4 5
-1 2
+2 3
+2 2
+4 3
+3 4
fe=(110)
-14 1

fl=(177)
fn=(650)
142 403
+1 403
+1 403
+1 4247555
+1 403
+1 806
+14 406
+1 1218
+5 406
+1 406
+1 406
+1 406
+8 406
+1 406
+7 3
+1 3
+1 3
+1 3
+11 3
+1 3
+1 3
+1 3
+1 3
+1 3
+1 6
+3 3
+1 3
+1 3
+1 3
+1 3
+1 3
+1 3
-6 17
+1 17
+1 17
+1 17
+1 17
+1 17
+1 17
+4 3
+1 3
+1 3
+1 3
+1 6

fl=(92)
fn=(316)
31 1
fi=(93)
+5 2
+1 1
-1 2
+1 2
+2 2
+4 3
+3 3
fe=(92)
-15 1

fl=(126)
fn=(412)
33 7
+2 1
cfi=(127)
cfn=(414)
calls=1 -6 
* 17
+3 1
fi=(129) ./elf/../sysdeps/nptl/pthread_early_init.h
-5 2
fe=(126)
+8 1
-3 1
fi=(129)
-5 1
cfi=(128) ./resource/../sysdeps/unix/sysv/linux/getrlimit64.c
cfn=(416) getrlimit
calls=1 +5 
* 10
* 3
+1 3
+4 4
+7 1
fi=(206) ./elf/../nptl/nptl-stack.h
+14 3
fi=(129)
-14 1
fi=(206)
+14 2
fi=(129)
-5 1
fi=(206)
+5 2
fi=(129)
-7 1
fi=(206)
+7 1
fi=(129)
-13 1
+6 6
+1 1
+4 1
cfi=(130) ./nptl/pthread_mutex_conf.c
cfn=(420) __pthread_tunables_init
calls=1 -7 
* 866
fe=(126)
-10 3
+2 2
-2 1
cfi=(133) ./nptl/../sysdeps/unix/sysv/linux/x86/elision-conf.c
cfn=(434) __lll_elision_init
calls=1 +49 
* 147

fl=(187)
fn=(750)
117 5
+5 1

fl=(152)
fn=(520)
27 12
+2 24
-2 12
+6 12
cfi=(153)
cfn=(522)
calls=12 +4 
* 351
+1 24
+4 24

fl=(163)
fn=(558)
33 3
+1 6
-1 18
+10 12
+1 2
+15 3
fi=(207) ./libio/../libio/libioP.h
940 9
+2 6
+1 6
fe=(163)
59 3
+1 3
-1 6
+1 9
-1 3
cfi=(156)
cfn=(560)
calls=3 901 
* 683

fl=(119)
fn=(386)
31 1
fi=(204)
+1 5
fe=(119)
-1 1

fl=(182) ./stdio-common/vfprintf-internal.c
fn=(710) __vfprintf_internal
1321 1224
+30 510
+8 307
+4 510
+11 204
+11 102
fi=(208) ./stdio-common/printf-parse.h
111 204
fe=(182)
1385 510
fi=(208)
111 102
cob=(2)
cfi=(46)
cfn=(712)
calls=102 0 
* 2142
fe=(182)
1400 102
fi=(208)
111 102
fe=(182)
1400 306
239 102
fi=(183) ./stdio-common/../libio/libioP.h
940 102
fe=(182)
1404 102
fi=(183)
942 102
-2 102
fe=(182)
1404 102
fi=(183)
940 204
+2 204
+1 204
fe=(182)
239 408
cfi=(156)
cfn=(716)
calls=102 1198 
* 2955
* 204
127 918
1404 204
+4 306
+4 816
1646 102
1355 102
+34 102
-8 102
1646 918
1453 1530
+39 102
-51 102
-1 102
-1 102
-1 102
+5 102
1641 102
fi=(208)
88 102
fe=(182)
1492 102
-46 102
-4 102
+50 102
1641 102
1437 102
-1 102
-1 102
-1 102
-1 102
+14 204
1689 204
+1 204
+3 1224
1359 202
1689 918
1400 408
cfi=(157)
cfn=(534)
calls=102 25 
* 1020
+1 1326
-1 204
1690 204
cfi=(157)
cfn=(536)
calls=102 40 
* 816
+2 102
-46 1326
cfi=(184)
cfn=(726)
calls=102 165 
* 4906
* 2792
192 204
+47 102
fi=(183)
942 306
+1 204
fe=(182)
239 510
cfi=(156)
cfn=(716)
calls=102 1198 
* 7099
* 306
127 1326
1647 204
+23 102
fi=(208)
111 102
fe=(182)
1664 102
fi=(208)
111 204
cob=(2)
cfi=(46)
cfn=(712)
calls=102 0 
* 2142
fe=(182)
239 102
fi=(183)
942 102
fe=(182)
1674 102
fi=(208)
111 102
fi=(183)
942 102
fe=(182)
1674 102
fi=(183)
942 102
+1 204
fe=(182)
239 408
cfi=(156)
cfn=(716)
calls=102 1198 
* 7038
* 204
127 1326
1674 204
+2 306
-30 2508
fi=(183)
946 204
fe=(182)
1646 204
192 204
1532 204
1646 1508

fl=(94)
fn=(320)
31 2
fi=(95) ./wcsmbs/../sysdeps/x86_64/multiarch/ifunc-evex.h
+4 10
-1 4
+2 6
+5 4
-3 4
+9 6
+3 8
fe=(94)
-19 2

fl=(146)
fn=(494)
28 3
+2 2
-1 1
+5 3

fl=(78)
fn=(280)
66 1
-25 2
+1 1
-1 2
+1 2
+2 2
+6 3
+3 3
+13 1

fl=(181)
fn=(708)
27 1122
+4 102
+1 204
-1 510
+1 102
cfi=(182)
cfn=(710)
calls=102 1321 
* 62261
+4 510

fl=(195) ./posix/register-atfork.c
fn=(782) __unregister_atfork
77 4
+1 2
-1 2
+1 6
fi=(196) ./posix/../malloc/dynarray-skeleton.c
243 2
fe=(195)
66 4
+38 8
+1 4

fl=(98)
fn=(328)
29 1
fi=(203)
+1 5
fe=(98)
-1 1

fl=(117)
fn=(380)
29 1
fi=(203)
+1 5
fe=(117)
-1 1

fl=(190)
fn=(764)
149 4
+1 4
+18 4

fl=(111)
fn=(364)
29 1
fi=(93)
+7 2
+1 1
-1 2
+1 2
+2 2
+4 3
+3 3
fe=(111)
-17 1

fl=(99)
fn=(330)
43 1
-6 5
+6 1

fl=(154)
fn=(524)
35 8
+1 32
+1 16
+6 8
+1 8

fl=(112)
fn=(368)
29 1
fi=(113) ./wcsmbs/../sysdeps/x86_64/multiarch/ifunc-memcmp.h
+5 2
+1 1
-1 2
+1 2
+1 2
+1 3
+2 2
+4 3
+3 3
fe=(112)
-17 1

fl=(155)
fn=(532)
87 24
+1 4
-1 12
+1 12
+18 36
-16 2
+2 6
-2 2
+2 8
cfi=(157)
cfn=(534)
calls=2 -67 
* 20
+1 18
+2 2
-1 2
-1 4
+2 20
+5 2
-3 2
-2 4
+3 2
-1 2
+3 24
+1 2
+1 14
+1 4
cfi=(157)
cfn=(536)
calls=2 -63 
* 16
+3 2

fn=(608)
299 130
+1 79
+5 78
+3 104
+2 52
+6 52
+7 26
fi=(167)
940 78
+2 52
+1 52
fe=(155)
323 26
+1 26
-1 26
+1 52
-1 26
cfn=(610) _IO_default_uflow
calls=26 +38 
* 3247
-23 50
+21 78

fn=(816) _IO_flush_all_lockp
686 12
+5 6
cfi=(157)
cfn=(534)
calls=1 25 
* 10
+1 9
+3 1
-8 1
+5 2
+3 2
fi=(167)
940 4
fe=(155)
706 1
fi=(167)
942 2
+1 2
fe=(155)
706 3
cfi=(156)
cfn=(718)
calls=1 +26 
* 131
+1 3
+2 6
+2 3
-16 9
+2 3
+1 6
+3 20
+14 9
+1 2
cfi=(157)
cfn=(536)
calls=1 40 
* 8
+4 12

fn=(526) _IO_no_init
563 20
+1 2
cfn=(528) _IO_old_init
calls=2 -33 
* 46
+1 2
+1 4
+2 2
+4 2
+7 2
+2 2
-9 10
+15 2
+1 12

fn=(824)
452 2
fi=(167)
940 1
fe=(155)
452 2
fi=(167)
940 1
fe=(155)
452 1
fi=(167)
940 1
fe=(155)
452 4
+1 1
fi=(167)
942 2
+1 2
fe=(155)
453 2
cfi=(156)
cfn=(826)
calls=1 793 
* 18
* 2
+4 1
330 1
462 1
-7 2
+11 1
+1 1
-1 3
+2 6
-11 1
+1 2
-1 1
330 4
+2 2
+5 1
-5 1
+5 1
-5 1
+5 1

fn=(562)
343 3
+1 6
-1 9
+3 12
+1 3
fi=(167)
940 9
+2 6
+1 6
fe=(155)
347 6
cfi=(164)
cfn=(564)
calls=3 78 
* 898
* 6
+3 12

fn=(630)
960 4
+2 2
-2 2
+2 2
+5 6
+2 4

fn=(814)
863 2
+3 1
-3 9
-77 1
+80 1
cfn=(816)
calls=1 686 
* 267
-80 2
+80 1
-80 3
cfi=(157)
cfn=(534)
calls=1 25 
* 10
+1 9
+3 1
-3 2
+3 2
fi=(167)
940 4
fe=(155)
838 3
-48 9
+9 9
+2 6
+6 13
+8 5
+9 1
fi=(167)
942 2
+1 2
fe=(155)
824 4
cfi=(156)
cfn=(822)
calls=1 382 
* 84
+2 3
+4 5
+1 8
+11 9
+1 2
cfi=(157)
cfn=(536)
calls=1 40 
* 8
+35 12
-59 1
-2 1
+3 1
-3 1
+2 3

fn=(572)
329 40
+1 10
-1 5
+1 14
+5 10
-3 5
+3 10
-3 5
+3 5
-3 5
+2 5
+4 25
-7 2
cob=(2)
cfi=(46)
cfn=(576)
calls=2 0 
* 315
+4 4

fn=(626) __GI__IO_un_link.part.0
52 16
+6 12
cfi=(157)
cfn=(534)
calls=2 -33 
* 20
+1 18
+2 2
-1 2
-1 4
+2 20
+13 2
-13 2
+2 2
+13 2
-15 4
+15 2
-13 4
+3 2
-1 4
+1 2
+8 4
+2 22
+2 4
-1 2
+1 14
+1 4
cfi=(157)
cfn=(536)
calls=2 -39 
* 16
+3 16

fn=(756)
199 3
+2 3
+1 1
+1 1
fi=(167)
940 3
+2 2
+1 2
fe=(155)
203 1
+1 2
-1 1
cfi=(156)
cfn=(718)
calls=1 732 
* 245

fn=(574)
187 6
+1 4
+2 4
cob=(2)
cfi=(46)
cfn=(576)
calls=2 0 
* 12
+1 2
+1 2
-1 2
+3 4

fn=(614)
164 130
+1 78
+3 78
+4 52
+1 52
+7 26
-4 26
+4 26
-2 52
+3 26
+1 104

fn=(644)
601 6
+2 6
+6 6
+3 6
54 4
624 4

fn=(722)
371 1
+3 2
-3 7
fi=(167)
940 1
fe=(155)
371 1
fi=(167)
940 1
fe=(155)
371 1
fi=(167)
940 1
fe=(155)
371 2
+18 2
+8 1
+2 2
-20 4
+2 1
+1 2
+2 2
+20 1
-11 1
+11 7
-11 8
+1 4
-1 2
+1 2
-1 3
+1 8
-1 13

fn=(610)
361 52
fi=(167)
940 52
fe=(155)
361 26
fi=(167)
940 26
fe=(155)
361 52
+1 26
fi=(167)
942 52
+1 52
fe=(155)
362 52
cfi=(156)
cfn=(612)
calls=26 462 
* 2601
+1 52
+2 100
+1 104

fn=(528)
531 2
+3 2
-2 2
+1 2
-1 2
+2 4
+16 2
-11 2
+5 2
+6 2
+5 2
-16 12
+16 4
+1 4
+2 2

fn=(624)
53 4
+1 8
+28 4
cfn=(626)
calls=2 -30 
* 202

fl=(194)
fn=(780)
30 4
+3 4
-3 14
+3 8
+3 6
+4 12
-4 6
+58 8
+4 12
-4 6
+11 4
+1 4
cfi=(195)
cfn=(782)
calls=2 -29 
* 32
+1 8
+1 16

fl=(74)
fn=(272)
86 1
fi=(209) ./string/../sysdeps/x86/cacheinfo.h
-25 1
+2 2
+1 1
+1 1
+4 1
-5 1
+5 1
-5 1
+7 1
-1 1
+4 1
-4 1
+4 1
+2 1
-6 1
+6 1
+1 2
+1 2
+2 2
fe=(74)
+6 2

fl=(159)
fn=(544)
77 16
+5 2
-5 6
+5 4
+2 8
cob=(2)
cfi=(46)
cfn=(546)
calls=2 -84 
* 46
* 2
+1 4
+44 2
+32 24

fl=(151)
fn=(510)
28 1
+1 7
+1 1

fl=(102)
fn=(338)
29 2
fi=(103) ./string/../sysdeps/x86_64/multiarch/ifunc-memcmp.h
+5 4
+1 2
-1 4
+1 4
+1 4
+1 6
+2 4
+4 6
+3 6
fe=(102)
-17 2

fl=(139)
fn=(466)
83 1
+1 4
+1 3
+1 3
+2 1

fl=(114)
fn=(372)
33 1
fi=(93)
+3 2
+1 1
-1 2
+1 2
+2 2
+4 3
+3 3
fe=(114)
-13 1

fl=(133)
fn=(434)
96 2
+5 1
-5 1
+5 1
-5 3
+5 3
cob=(2)
cfi=(46)
cfn=(422)
calls=1 0 
* 22
+2 4
cob=(2)
cfi=(46)
cfn=(422)
calls=1 0 
* 22
+2 4
cob=(2)
cfi=(46)
cfn=(422)
calls=1 0 
* 22
+2 4
cob=(2)
cfi=(46)
cfn=(422)
calls=1 0 
* 22
+2 4
cob=(2)
cfi=(46)
cfn=(422)
calls=1 0 
* 22
+4 3
+1 1
+1 6

fl=(108)
fn=(354)
29 1
fi=(93)
+7 2
+1 1
-1 2
+1 2
+2 2
+4 3
+3 3
fe=(108)
-17 1

fl=(128)
fn=(416)
38 2
+1 7
+1 1

fl=(115)
fn=(376)
29 1
fi=(116)
+6 5
-1 2
+2 3
+5 2
-3 2
+9 3
+3 4
fe=(115)
-21 1

fl=(148)
fn=(500)
85 12
-20 2
+20 4
-20 2
cob=(2)
cfi=(46)
cfn=(502)
calls=2 -65 
* 1674
+2 6
+3 2
+2 4
-2 2
+2 10
cfi=(155)
cfn=(526)
calls=2 563 
* 106
+1 2
+1 2
-1 2
+1 2
cfi=(156)
cfn=(530)
calls=2 +33 
* 220
+1 10
cfi=(156)
cfn=(538)
calls=2 214 
* 408
* 4
-38 4
+50 14

fl=(166) ./io/../sysdeps/unix/sysv/linux/fstatat64.c
fn=(570) fstatat
149 8
-62 8
+77 12
+1 4

fl=(165)
fn=(568)
29 8
+1 8
+5 12
cfi=(166)
cfn=(570)
calls=4 149 
* 32

fl=(79)
fn=(282)
29 1
fi=(80)
+5 4
-1 2
+2 3
+2 2
+4 3
+3 3
fe=(79)
-15 1

fl=(130)
fn=(420)
50 2
+1 2
-1 4
+1 3
cob=(2)
cfi=(46)
cfn=(422)
calls=1 -51 
* 822
+2 4
cob=(2)
cfi=(46)
cfn=(422)
calls=1 -53 
* 23
+2 6

fl=(144) ./setjmp/../sysdeps/x86_64/bsd-_setjmp.S
fn=(490) _setjmp
28 1
+2 1
+2 1
cfi=(145)
cfn=(492)
calls=1 -2 
* 31

fl=(173)
fn=(618)
32 2
+4 2
-1 4
+3 6
+3 2

fl=(175)
fn=(634)
25 2
+1 8
+1 2

fl=(104)
fn=(342)
31 2
fi=(105) ./wcsmbs/../sysdeps/x86_64/multiarch/ifunc-wmemset.h
+2 10
+1 6
+2 4
+8 6
+3 8
fe=(104)
-16 2

fl=(109)
fn=(358)
31 1
fi=(204)
+1 5
fe=(109)
-1 1

fl=(174)
fn=(622)
34 10
+14 6
fi=(167)
883 4
+1 6
fe=(174)
57 2
fi=(167)
940 6
+2 4
+1 4
fe=(174)
57 6
cfi=(156)
cfn=(642)
calls=2 169 
* 58
+1 6
+13 4
fi=(167)
855 8
+1 8
+6 4
cob=(2)
cfi=(46)
cfn=(576)
calls=2 0 
* 182
fe=(174)
76 10
-27 2
cfi=(155)
cfn=(624)
calls=2 +4 
* 210
+2 24
+1 2
-1 4
fi=(167)
883 4
fe=(174)
52 4
+1 4
cfi=(156)
cfn=(628)
calls=2 +76 
* 650
fi=(167)
883 2
fe=(174)
53 2
fi=(167)
883 4
+1 8
fe=(174)

fl=(141) ./csu/../csu/libc-start.c
fn=(472) __libc_start_main@@GLIBC_2.34
242 12
343 3
+1 3
cfi=(142)
cfn=(474)
calls=1 69 
* 70
+25 4
+6 2
-3 2
+14 3
+15 2
+8 4
cfi=(143) ./csu/../sysdeps/nptl/libc_start_call_main.h
cfn=(488) __libc_start_call_main
calls=1 29 
* 4963258144
128 2
+6 3
+1 6
cob=(2)
cfi=(46)
cfn=(478)
calls=1 0 
* 7
* 1
+3 1
+1 2
+3 1
+1 2
-1 2
+2 7
+1 4
cob=(5)
cfi=(140)
cfn=(482) 0x0000000000001360
calls=1 0 
* 12
-1 4

fl=(180)
fn=(730)
279 215
+1 215
+1 215
+1 215
+17 215
+1 215
+63 215
+1 215
+2 215
+1 215
+1 215
+1 215
+1 201
+1 201
+1 125
+1 125
+1 125
+2 125
+28 14
+1 14
+1 14
+1 14
+1 14
+3 76
+1 76
+1 76
+1 76
+1 76

fn=(688)
292 28
+1 28
+6 28
+1 28
+1 28
+1 28
+15 28
+1 28
+1 28
+1 28
+2 15
+1 15
+1 15
+2 15
+2 15
+1 15
+7 13
+1 13
+10 28
+1 303356
+2 28
+69 28
+1 28

fl=(96)
fn=(324)
67 1
-26 4
+1 3
+2 2
+6 3
+3 3
+14 1

fl=(106)
fn=(346)
29 1
fi=(76)
+4 5
-1 2
+2 3
+2 2
+4 3
+3 4
fe=(106)
-14 1

fl=(118)
fn=(382)
33 1
fi=(85)
+20 3
-1 2
+4 3
+14 2
+2 2
+8 2
+8 2
+2 5
fe=(118)

fl=(192)
fn=(768)
73 1
+3 3
+2 1
+2 2
-7 2
+11 2
+78 1
+3 1
+2 1
+3 1
+2 1
+1 3
-80 2
+11 4
+4 1
+3 2
-66 1
+1 8
+1 1
+79 3
+1 2

fl=(143)
fn=(488)
29 4
+15 1
-15 5
+15 1
cfi=(144)
cfn=(490)
calls=1 -16 
* 34
* 1
+2 2
+5 2
+1 2
+3 2
+3 6
cob=(5)
cfi=(147) /media/sf_VSC/SecondSem/HashTableOpt/opt_prog/main.cpp
cfn=(496) main
calls=1 -42 
* 4963256667
* 1
+16 1
cfi=(189)
cfn=(760)
calls=1 +68 
* 1415

ob=(5)
fl=(140)
fn=(788) 0x00000000000012b0
0 5

fn=(772)
0 9
cob=(2)
cfi=(46)
cfn=(778)
calls=1 0 
0 74
0 1
cfn=(788)
calls=1 0 
0 5
0 3

fn=(470)
0 12
cob=(3)
cfi=(141)
cfn=(472)
calls=1 242 
0 4963258303

fn=(482)
0 12

fl=(147)
fn=(496)
16 7
+1 5
cob=(2)
cfi=(46)
cfn=(498)
calls=1 -17 
* 2038
* 1
+1 2
+2 1
+1 5
cfi=(161) /media/sf_VSC/SecondSem/HashTableOpt/opt_prog/../library/onegin/dora.cpp
cfn=(550) remove_trash_and_copy_in_buffer(int*, _IO_FILE*)
calls=1 +12 
* 9350774
* 1
+2 3
cob=(2)
cfi=(46)
cfn=(616)
calls=1 -23 
* 10
* 4
+5 3
cob=(2)
cfi=(46)
cfn=(620)
calls=1 -28 
* 564
+3 4
+1 4
cfi=(176) /media/sf_VSC/SecondSem/HashTableOpt/opt_prog/HashTable.cpp
cfn=(646) HashCtor(HashTable*, int)
calls=1 -2 
* 1168658
+2 5
cob=(2)
cfi=(46)
cfn=(498)
calls=1 -34 
* 458
* 1
+1 2
+2 6
cfi=(176)
cfn=(658) MakeHashNDiagram(HashTable*, long long __vector(2)*, int, _IO_FILE*)
calls=1 399 
* 4952115428
+2 3
cob=(2)
cfi=(46)
cfn=(616)
calls=1 -39 
* 10
* 4
+5 3
cob=(2)
cfi=(46)
cfn=(620)
calls=1 -44 
* 688
+2 3
cfi=(176)
cfn=(744) HashDtor(HashTable*)
calls=1 +2 
* 617580
+1 3
cob=(2)
cfi=(46)
cfn=(738)
calls=1 -47 
* 67
+1 2
cob=(2)
cfi=(46)
cfn=(752)
calls=1 -48 
* 314
+2 1
+1 5

fl=(161)
fn=(550)
33 6
+1 2
+6 2
+6 3
cfn=(552) size_file(_IO_FILE*)
calls=1 -30 
* 945
* 1
+2 5
cob=(2)
cfi=(46)
cfn=(598)
calls=1 -48 
* 284
* 1
+1 2
+7 1
+1 1
+1 1
+1 1
+1 2
+2 7
+2 1
+2 405230
+4 631830
+1 12784
+1 6392
+4 360732
+2 5381
+3 360732
+2 64064
+1 160160
+1 32032
+1 160160
+1 32032
+1 224224
+1 32032
+3 296668
+1 890004
+1 148334
-30 445002
cob=(2)
cfi=(46)
cfn=(604)
calls=148334 -64 
* 2969221
* 146703
cob=(2)
cfi=(46)
cfn=(604)
calls=48901 -64 
* 979609
* 986175
+33 5
+14 1
+1 2

fn=(552)
16 5
+1 2
+6 5
cob=(2)
cfi=(46)
cfn=(554)
calls=1 -23 
* 587
+2 3
cob=(2)
cfi=(46)
cfn=(592)
calls=1 -25 
* 119
* 1
+2 5
cob=(2)
cfi=(46)
cfn=(554)
calls=1 -27 
* 215
+2 1
+1 2

fl=(176)
fn=(704) MakeDiagram(int*, _IO_FILE*)
367 6
+1 2
+1 2
+2 2
+2 48
cob=(2)
cfi=(46)
cfn=(706)
calls=6 0 
* 4556
+1 12
+2 1536
cob=(2)
cfi=(46)
cfn=(706)
calls=96 0 
* 60459
-2 300
+4 42
cob=(2)
cfi=(46)
cfn=(732)
calls=6 0 
* 858
-7 20
+9 1
+1 2

fn=(666) HashFind(HashTable*, long long __vector(2)*, List**)
166 1345386
+1 384396
+2 384396
+2 384396
+1 960990
cfn=(702) MurmurHash2(char*)
calls=32033 275 
* 3250755
cfn=(700) HashFuncRol(char*)
calls=32033 +69 
* 448462
cfn=(698) HashFuncAsciiAllLeters(char*)
calls=32033 +54 
* 2899323
cfn=(694) HashFuncLength(char*)
calls=32033 +47 
* 1185746
cfn=(692) HashFuncAsciiFirstLetter(char*)
calls=32033 +40 
* 384396
cfn=(668) HashFuncOne(char*)
calls=32033 +33 
* 320330
* 192198
+1 1345386
+1 1345386
+1 768792
+5 192198
+8 1100992867
cob=(2)
cfi=(46)
cfn=(674)
calls=84691759 0 
* 2040508397
* 169383518
+5 280512
+3 760963527
-16 847437010
+19 51942
+1 384396

fn=(668)
205 160165
+1 64066
+2 32033
+1 64066

fn=(700)
241 160165
+1 64066
+2 128132
+1 32033
+26 64066

fn=(658)
399 8
+1 2
+1 2
+1 2
+4 3
cob=(2)
cfi=(46)
cfn=(598)
calls=1 0 
* 252
* 1
+1 2
+2 2
+2 3
cfn=(660) HashTableClear(HashTable*)
calls=1 75 
* 493248
* 9
cfn=(664) FHashPush(HashTable*, long long __vector(2)*, int)
calls=1 109 
* 3423193049
* 260
+1 3
cfn=(660)
calls=1 75 
* 954048
* 9
cfn=(664)
calls=1 109 
* 310032898
* 276
+1 3
cfn=(660)
calls=1 75 
* 1015488
* 9
cfn=(664)
calls=1 109 
* 460875770
* 276
+1 3
cfn=(660)
calls=1 75 
* 1138368
* 9
cfn=(664)
calls=1 109 
* 220723797
* 276
+1 3
cfn=(660)
calls=1 75 
* 1138368
* 9
cfn=(664)
calls=1 109 
* 310006812
* 276
+1 3
cfn=(660)
calls=1 75 
* 1138368
* 9
cfn=(664)
calls=1 109 
* 221335280
* 276
+3 5
cfn=(704)
calls=1 -52 
* 67846
+2 3
cob=(2)
cfi=(46)
cfn=(738)
calls=1 0 
* 91
+2 1
+1 2

fn=(698)
226 160165
+1 64066
+2 32033
+1 32033
+1 32033
+2 1039094
+1 148442
-3 1263325
+6 64066
+1 64066

fn=(646)
30 6
+1 2
+2 5
cob=(2)
cfi=(46)
cfn=(598)
calls=1 -33 
* 296
* 3
+1 4
+2 2
+2 128
cfi=(178) /media/sf_VSC/SecondSem/HashTableOpt/opt_prog/../library/list/list.cpp
cfn=(652) list_ctor(List*)
calls=16 +4 
* 1168138
-2 67
+5 2
+1 2
+2 1
+1 2

fn=(694)
219 160165
+1 64066
+2 128132
cob=(2)
cfi=(46)
cfn=(696)
calls=32033 0 
* 737284
* 32033
+1 64066

fn=(664)
109 60
+1 12
+1 24
+1 12
+2 12
+2 192198
+8 2114178
cfn=(666)
calls=192198 +42 
* 4935794705
* 768792
+6 519420
cfi=(178)
cfn=(670) list_end_push(long long __vector(2)*, List*)
calls=51942 +13 
* 5817149
* 51942
-4 140256
-12 768810
+20 6
+1 30

fn=(744)
48 5
+1 2
+1 4
+2 4
+9 2
+2 128
cfi=(178)
cfn=(746) list_dtor(List*)
calls=16 +18 
* 617283
-2 50
+5 2
+1 2
+2 4
cob=(2)
cfi=(46)
cfn=(738)
calls=1 -69 
* 91
+2 1
+1 2

fn=(692)
212 160165
+1 64066
+2 96099
+1 64066

fn=(660)
75 30
+1 12
+2 12
+2 672
+2 288
+1 288
+1 192
+2 864
cob=(2)
cfi=(46)
cfn=(662)
calls=96 -86 
* 1566496
+1 1056
cob=(2)
cfi=(46)
cfn=(662)
calls=96 -87 
* 783776
+1 1056
cob=(2)
cfi=(46)
cfn=(662)
calls=96 -88 
* 783776
+2 192
+1 192
+1 192
+1 192
+2 192
+2 1759392
-2 977824
+5 864
-22 300
+25 12
+2 6
+1 12

fn=(702)
275 160165
+3 64066
+2 128132
cob=(2)
cfi=(46)
cfn=(696)
calls=32033 0 
* 737284
* 64066
+1 32033
+1 32033
+1 32033
+2 64066
+2 64066
+2 32033
+2 24686
+2 98744
+1 148116
+1 148116
+1 148116
+2 74058
+1 74058
+1 74058
+2 74058
+1 49372
+2 24686
+1 24686
-17 113438
+20 191692
+20 8397
-16 52068
+1 8678
+4 52236
+1 8706
+4 25008
+1 18756
+1 6252
+4 8397
+4 25191
+1 25191
+1 25191
+2 8397
+1 16794
-5 70908
+1 70908
+1 70908
+2 23636
+1 47272

fl=(178)
fn=(672) size_cmp_resize(List*)
321 259710
+1 103884
+2 363594
+2 30
cfn=(678) list_resize(List*)
calls=10 -39 
* 881349
+2 51942
+1 103884

fn=(678)
287 50
+1 20
+4 50
+2 90
cob=(2)
cfi=(46)
cfn=(680)
calls=10 0 
* 144927
* 20
+1 40
+2 90
cob=(2)
cfi=(46)
cfn=(680)
calls=10 0 
* 83092
* 20
+1 40
+2 90
cob=(2)
cfi=(46)
cfn=(680)
calls=10 0 
* 92356
* 20
+1 40
+2 50
+2 50
+2 193626
-2 107610
+4 90
+2 200
cob=(2)
cfi=(46)
cfn=(662)
calls=10 0 
* 172302
+2 200
cob=(2)
cfi=(46)
cfn=(662)
calls=10 0 
* 86246
+4 10
+1 20

fn=(656) list_verificate(List*)
529 80
+1 32
+1 64
+1 64
+1 64
+2 32
+6 64
+6 64
+6 64
+6 64
+6 64
+6 64
+6 64
+6 64
+6 16
+2 112
+29 16
+1 16
+2 64
+2 114576
+2 147312
+5 147312
+2 16
+1 16
+2 32704
-14 261760
+23 48
+6 48
+1 16
+1 32

fn=(652)
42 80
+1 32
+2 48
cob=(2)
cfi=(46)
cfn=(598)
calls=16 -45 
* 126954
* 48
+1 64
+2 48
cob=(2)
cfi=(46)
cfn=(598)
calls=16 -48 
* 69376
* 48
+1 64
+2 48
cob=(2)
cfi=(46)
cfn=(598)
calls=16 -51 
* 69376
* 48
+1 64
+4 48
+1 48
+1 32
+5 32
+1 32
+1 32
+1 32
+1 32
+2 32
+2 147312
-2 49136
+4 64
+2 48
cfn=(656)
calls=16 529 
* 704912
+2 16
+1 32

fn=(670)
143 311652
+1 103884
+4 155826
cfn=(672)
calls=51942 321 
* 1764393
+2 467478
+2 467478
+2 519420
+1 519420
+1 207768
+2 1280
+3 640
+1 1280
+2 320
-3 207128
+1 414256
+2 103564
+2 155826
+2 259710
+4 51942
+2 103884

fn=(746)
81 80
+1 32
+1 64
+1 64
+1 64
+6 144
cob=(2)
cfi=(46)
cfn=(662)
calls=16 -91 
* 303408
+1 176
cob=(2)
cfi=(46)
cfn=(662)
calls=16 -92 
* 151792
+1 176
cob=(2)
cfi=(46)
cfn=(662)
calls=16 -93 
* 151792
+2 64
cob=(2)
cfi=(46)
cfn=(738)
calls=16 -95 
* 3032
+1 64
cob=(2)
cfi=(46)
cfn=(738)
calls=16 -96 
* 3016
+1 64
cob=(2)
cfi=(46)
cfn=(738)
calls=16 -97 
* 3011
+2 32
+2 32
+1 32
+1 32
+1 32
+1 32
+2 16
+1 32

totals: 4963409033
